Feature1,Feature2,Feature3,Feature4,Feature5,Feature6,Feature7,Feature8,Class
* 
-0.0365,-1.2119,1.4798,1.4313,1.9475,1.9651,2.1952,2.7539,1 
1.0848,-0.8445,1.5759,3.2255,0.7988,1.6878,1.4822,3.4041,1 
-1.2187,-1.6812,0.8721,1.3116,4.4809,0.7359,0.5916,1.9026,1 
-1.797,-0.9419,2.5693,2.7857,2.2657,1.3013,1.7216,3.7424,1 
-0.8334,0.5266,1.2779,1.7278,1.0826,1.5998,1.8714,1.8633,1 
1.3702,-0.6988,1.0421,3.4671,1.9159,1.96,3.5488,1.7255,1 
1.0057,0.8705,2.8096,2.0342,2.497,2.9721,3.7285,3.5469,1 
0.4111,-1.2597,2.5954,2.0332,2.1986,2.4753,2.015,1.7612,1 
-1.4322,-1.2496,2.3212,1.5508,3.0684,2.3647,2.3572,3.3208,1 
-0.4058,0.3096,2.993,1.1638,1.4679,2.2905,0.1473,2.011,1 
-0.2265,-1.0667,0.6063,2.7737,1.4771,1.4117,3.6637,2.8678,1 
-0.8263,-0.7954,1.2778,1.2445,1.163,0.1006,0.8994,2.4838,1 
-0.25,0.3841,0.6857,1.8839,3.1761,2.3426,2.3063,2.6249,1 
-0.5325,-0.1319,2.523,2.6428,3.3099,2.0304,3.4066,0.7988,1 
0.417,1.0715,3.0216,2.2595,2.0975,1.744,0.8769,3.7633,1 
-2.0927,0.5187,0.8127,2.0368,2.3351,2.8895,2.3098,2.8789,1 
1.0167,0.3406,2.5311,1.0163,1.5358,1.8314,1.4994,1.9418,1 
-1.0297,-0.0765,2.0562,2.6064,0.9858,2.433,0.1575,1.065,1 
0.0601,0.4627,2.8001,1.5158,0.6914,3.3894,-0.6869,1.4877,1 
-1.7242,0.1002,2.1908,1.0358,2.0634,1.7709,1.0676,0.7034,1 
-0.2291,0.1084,0.6551,1.3246,1.0599,3.0062,1.4476,1.1689,1 
0.6257,0.2594,2.4911,4.3546,0.7028,-0.4527,2.5218,1.7949,1 
1.0649,0.3614,1.5745,2.5382,2.9498,2.6914,1.1782,2.4436,1 
2.4486,-1.8189,0.7302,2.671,0.8145,0.8434,3.3382,3.2448,1 
-0.445,0.1491,0.3195,2.2813,0.7377,0.4347,2.2734,1.6373,1 
0.9832,-0.9414,0.3244,2.078,3.1031,-0.1171,2.6545,2.5418,1 
0.7353,-1.0514,2.0527,2.9695,1.1033,0.3043,0.971,2.0017,1 
-0.4902,-0.0795,2.3604,1.3,2.3019,2.5838,1.3316,1.439,1 
1.2833,-0.6345,0.8064,0.7306,1.6775,1.0075,1.5683,1.9895,1 
0.7792,-1.0363,1.3569,3.0039,2.5582,0.9464,1.3652,0.8205,1 
1.9056,1.2908,1.0929,1.9526,2.7519,1.3933,2.3237,2.0952,1 
0.4777,-0.1882,2.1787,1.3525,2.8409,2.3864,1.4594,3.5008,1 
0.0679,-1.0772,0.4124,-0.2306,2.9384,2.4425,1.9824,3.7206,1 
1.1762,0.4209,2.0694,1.6274,0.5015,2.3874,2.814,1.1487,1 
-0.044,2.002,1.6452,3.1379,3.1738,1.3893,1.4479,2.5165,1 
-0.2009,0.3027,0.73,1.7946,3.1347,1.5538,2.5106,1.4832,1 
-0.1272,0.9202,3.2918,2.7264,0.8469,1.6211,2.5997,-0.2818,1 
-1.1952,0.5732,3.3996,1.5563,1.3384,2.0264,2.9276,2.9403,1 
0.3588,-1.0143,2.4372,0.9722,1.7646,2.2148,1.7689,2.6559,1 
0.7998,-1.9441,1.9119,1.8755,2.2502,2.083,3.2397,2.6321,1 
-0.3707,1.0254,1.4601,3.413,0.1751,3.6222,1.4153,3.1581,1 
0.2283,0.2846,3.5938,3.3521,1.5158,1.9183,0.5335,1.8467,1 
1.0283,0.95,1.9839,2.174,2.1093,2.0691,1.7759,2.1673,1 
-0.0737,-0.5419,1.4035,3.6465,2.7599,3.6123,3.8421,3.4758,1 
0.1992,0.204,2.3724,2.4623,1.6267,3.0292,1.6886,1.5313,1 
-1.8328,0.7933,1.3234,1.2897,2.2268,1.1009,2.1563,0.5206,1 
0.2878,0.5069,1.9364,2.4531,-0.2798,2.4015,2.4921,1.4037,1 
-1.1682,-0.6004,2.0208,2.4579,2.4263,0.6354,-0.7367,1.2616,1 
-0.5386,-1.1536,2.7202,1.7822,2.3497,0.3698,0.5954,2.7412,1 
0.8931,0.222,3.5832,2.3684,2.1621,2.2316,1.7171,3.6684,1 
-1.0656,-0.7217,1.2874,4.0215,2.0616,3.2375,0.8308,0.1616,1 
-0.3059,-1.0899,3.1852,2.4179,1.6294,3.062,3.4499,2.2128,1 
0.501,-0.1212,2.6135,3.2774,3.2449,1.9195,3.2089,1.8224,1 
-0.2635,-2.4944,1.8849,2.4419,2.3965,2.3394,3.5307,0.1872,1 
0.6383,-0.4605,1.0573,2.6942,1.2995,1.6767,2.2743,0.594,1 
-0.1263,0.6547,1.6935,2.5184,2.5317,1.1983,1.6164,2.0894,1 
1.4706,-0.3852,1.8649,1.6867,1.2881,-0.1287,2.9422,1.131,1 
-1.0382,-0.6418,1.3092,2.2274,1.7826,2.8305,2.097,0.3513,1 
0.8971,0.4012,2.8215,2.4148,2.3112,2.2261,0.609,3.4103,1 
-1.0743,0.8192,1.3581,2.8413,1.7757,2.0248,2.4726,1.4204,1 
-0.9298,1.0652,0.6939,2.1291,0.4687,3.2853,3.0514,1.8416,1 
-0.8816,0.8947,2.1213,0.548,2.4694,1.6146,0.9253,2.2124,1 
1.6294,1.2201,1.4156,2.3908,2.4229,1.1145,2.6984,1.7072,1 
0.2917,0.7878,1.8136,0.9809,1.5442,1.4953,1.847,3.3467,1 
-1.8512,0.5505,2.6523,2.7588,0.909,2.1907,3.1208,2.2271,1 
0.0941,-0.0185,1.2676,2.2157,-0.089,1.9651,2.6479,0.9826,1 
1.3104,-0.8858,0.9298,2.7244,1.9979,2.9709,3.2205,1.8211,1 
0.9183,-1.1829,1.5642,-0.2423,1.939,2.3396,2.1336,2.8006,1 
-1.5499,-0.9395,1.3254,0.7829,1.5954,0.4701,1.1783,0.8368,1 
0.711,-0.548,2.3702,1.4343,1.8769,1.8958,2.0753,2.682,1 
-0.2302,-1.4905,1.2021,3.9851,2.6654,2.1364,3.2447,2.2212,1 
-1.4521,0.4261,2.5019,1.0853,1.6536,2.4231,1.9058,2.4111,1 
-0.7513,-0.1974,2.1464,1.886,3.5674,2.4305,2.5308,2.5692,1 
-0.3287,1.6501,2.1711,-0.3982,2.7222,2.3556,2.8741,1.4991,1 
2.034,-1.9355,2.9886,2.2185,1.538,2.3231,3.3202,2.4341,1 
1.0916,-1.0389,0.4226,1.9494,2.7511,2.8021,2.0245,2.8003,1 
-0.1172,0.5238,2.4845,1.4171,2.6192,3.7117,1.2762,1.18,1 
-1.7636,0.0142,2.1734,0.864,3.9973,2.9113,-0.6636,4.069,1 
0.6604,-0.7901,2.0127,0.7434,2.5135,2.4409,0.5022,2.2146,1 
0.4766,-0.0876,0.6706,1.1187,3.1435,1.0343,2.0452,1.8999,1 
1.0079,-0.6774,1.0494,2.9288,0.0312,1.13,1.9301,2.2485,1 
-1.0125,-1.2117,1.9937,1.2932,2.4125,3.3555,0.9112,1.507,1 
0.4415,-0.9001,1.5859,0.2416,3.4878,1.5303,-0.4335,0.8569,1 
0.9114,1.5895,2.6836,2.8135,1.6166,0.7407,1.8256,-0.4068,1 
-0.6178,-0.9475,1.7282,1.4126,-0.5092,1.3306,2.2434,3.4679,1 
-1.3985,-0.051,1.832,2.0002,2.0633,2.338,3.4036,1.3016,1 
-0.3951,-1.3115,2.331,2.8893,0.6009,1.0943,1.3266,1.5798,1 
0.8319,0.9782,1.036,2.6183,0.3787,3.6572,-0.7759,2.4912,1 
1.8174,0.9997,2.7182,3.4406,2.8949,3.4963,-0.9771,2.2025,1 
0.7433,0.7853,2.3955,3.0903,0.5518,1.2667,1.6542,0.4278,1 
0.0606,1.4348,1.7895,2.9031,1.0071,2.962,2.3073,3.8759,1 
1.4198,-0.9491,2.5092,2.2699,0.5956,1.7418,1.7103,3.047,1 
-0.6586,0.4898,3.7299,1.8557,2.1609,2.5306,3.0037,2.2735,1 
-0.3751,-0.2722,1.6246,1.8431,1.5121,1.9496,2.6822,2.1176,1 
-0.4987,-1.0351,2.5256,0.5991,1.4921,2.0682,2.1564,1.7731,1 
-0.397,-0.1626,3.3143,3.0749,2.0345,1.282,2.7241,0.8818,1 
0.2197,-0.9078,-0.4425,1.0222,4.0844,2.1458,1.1577,1.5003,1 
-1.1567,-1.286,1.7725,2.9258,2.8653,3.7262,2.0761,1.85,1 
-0.3257,0.873,2.874,3.5947,-0.8687,3.0897,1.9793,3.6534,1 
0.731,-0.2253,1.9485,3.5553,0.1584,3.4053,1.2241,1.3876,1 
0.7199,1.2582,2.5554,2.4433,0.5014,3.2808,1.1487,1.789,1 
-1.6694,-0.5,2.8687,2.9326,2.4369,2.287,4.6252,2.8567,1 
-0.0716,0.091,2.4173,0.4704,1.493,1.685,1.9969,-0.0227,1 
1.729,1.1784,1.1753,2.3867,0.9227,0.3176,1.4303,1.9856,1 
0.0577,-0.3679,-1.4113,3.8888,4.0258,0.4105,2.7815,3.1511,1 
0.0428,0.0731,2.3973,0.9259,2.9569,1.8873,0.5543,2.2195,1 
1.5228,0.8821,3.4058,1.4022,2.3877,2.2976,3.3718,1.5987,1 
-1.4608,-0.3141,3.3521,0.8748,2.4541,2.7137,1.7767,2.38,1 
0.6148,-1.4907,1.8005,3.5205,1.221,2.2253,1.8676,3.4399,1 
-0.5282,-0.3505,2.6181,1.1993,1.5568,1.9571,0.6197,0.6625,1 
0.7631,0.4038,1.716,2.9415,2.342,3.3396,1.3749,2.1135,1 
-1.366,-0.1603,1.6836,1.577,2.6869,2.6357,0.5329,1.1969,1 
-0.0662,-0.501,2.6804,3.1046,2.0411,2.6826,3.8468,2.5228,1 
0.5462,0.1223,1.7924,3.2373,1.7846,1.6941,1.9581,2.9498,1 
-1.1952,-0.2594,3.1095,2.605,1.7166,0.6433,2.3555,1.9696,1 
-1.2304,-0.7211,0.2013,1.9558,1.7357,1.5919,0.8816,3.946,1 
0.2632,-1.5188,0.8808,2.2794,2.4839,2.3781,1.4407,2.5108,1 
-0.7337,-0.4715,2.2334,4.6016,2.0814,1.534,4.4482,2.1733,1 
0.9179,1.5145,2.9094,2.2898,1.3379,1.7135,2.4217,0.1944,1 
0.7388,1.0859,1.8978,2.1166,2.2168,0.6143,2.7702,3.5322,1 
1.0662,-0.3122,2.2214,0.6682,4.1985,3.0702,1.1193,2.736,1 
0.6626,0.7139,0.2295,3.146,0.3159,2.6803,2.8111,1.4374,1 
-0.0459,-0.4209,0.0225,3.6493,-0.2188,3.8048,2.8434,2.8495,1 
-0.6522,0.5838,1.8618,1.9304,2.3382,2.3021,3.3438,1.0738,1 
0.4902,-0.9339,3.0291,3.296,2.2468,1.4108,0.8365,0.4517,1 
-0.334,0.1223,1.6126,2.3849,1.3335,1.5472,2.1199,1.9637,1 
0.4456,0.1081,2.9173,2.2379,4.7675,1.0517,3.7267,2.5519,1 
0.9719,0.3091,1.3626,3.2652,1.4367,2.8416,3.3264,-0.0025,1 
-0.816,-1.9325,1.3152,3.285,2.1597,1.332,2.1535,2.3445,1 
0.0073,0.7336,0.9479,3.675,1.4827,0.4091,1.9292,1.9848,1 
0.6206,0.0574,1.9669,1.5642,1.894,0.3129,2.3158,2.5245,1 
1.6714,-0.351,1.642,3.1595,3.0074,0.8403,1.4692,3.0604,1 
-0.9876,1.0602,2.8902,1.6458,2.2725,1.225,1.0795,1.8131,1 
0.1662,0.2737,1.2289,4.193,2.3888,2.0408,2.4199,2.8683,1 
-1.5675,0.3774,1.976,0.5232,2.3536,0.1538,2.7141,1.5832,1 
-0.6687,-1.1351,3.2441,1.84,0.6862,2.0222,2.0295,0.7715,1 
1.4102,-0.4137,2.436,0.9409,3.4729,3.4584,2.8699,2.1723,1 
0.0161,0.3674,3.2241,1.1727,1.9265,1.7705,3.1122,1.304,1 
1.0416,-1.3721,2.8173,2.1765,1.2375,1.1364,1.6442,1.0441,1 
0.57,0.4517,2.4112,2.9225,1.4247,0.3611,3.7748,2.2016,1 
1.0873,-0.4045,2.5514,1.9348,3.7361,3.7828,0.5352,1.4352,1 
-0.282,1.9565,2.2033,1.5912,1.9664,0.5538,2.3166,2.1693,1 
-0.1553,0.6627,0.1699,2.8932,2.4996,0.3135,2.4325,3.2955,1 
1.1787,-0.7843,2.8976,1.7688,2.0454,4.208,0.5029,1.0161,1 
0.4945,0.8973,1.7529,0.8895,0.4719,1.5169,1.5838,2.5564,1 
0.2627,-0.3664,1.5113,1.6824,1.4317,2.2053,1.5663,3.0737,1 
-1.2287,1.4726,1.6483,2.527,3.4195,4.3755,1.3421,1.5039,1 
-1.2554,-0.7053,2.3241,1.4015,3.4169,4.027,2.5961,2.8208,1 
1.2605,-2.2897,2.0786,1.886,2.745,2.1082,0.2035,2.4919,1 
-1.2101,0.6872,2.3244,2.0226,1.5748,0.1729,1.8783,2.8943,1 
0.5369,-0.4191,0.2434,1.9134,2.6501,1.3974,0.8617,2.1711,1 
-0.3093,-1.0666,1.5185,2.7601,1.7301,1.5519,1.2143,2.423,1 
1.4427,-0.208,2.6175,2.3446,2.8863,0.7905,1.8675,0.8087,1 
-0.9767,-0.1723,1.4356,2.1624,2.1986,3.1554,2.3342,2.2148,1 
-0.7489,2.6806,1.9501,3.0929,1.5549,1.1329,0.5417,3.5257,1 
-1.6056,0.8817,1.9018,2.1861,2.6936,1.4315,2.6757,2.3686,1 
2.2523,1.4523,1.3613,2.4549,3.1611,2.012,0.5506,1.4364,1 
-0.7807,2.1702,2.2617,4.0272,3.1766,3.2781,0.9808,1.1862,1 
-1.2307,0.7201,-0.2349,2.0616,1.1731,2.5366,2.9899,0.4816,1 
-0.1214,1.5945,2.5773,1.9885,2.7414,1.9152,3.1945,2.7121,1 
1.2759,-0.24,1.8785,2.3122,1.1471,1.3932,0.426,3.3941,1 
0.4097,0.1979,2.7546,3.82,0.3602,0.2197,2.6817,3.0471,1 
-0.1477,-1.5011,2.4452,3.4471,1.9212,1.9467,2.1404,0.8409,1 
-0.9019,0.5398,3.5641,3.3802,3.129,2.6893,2.9536,1.5399,1 
-0.0002,0.2504,2.7696,2.1176,0.0815,2.828,1.4828,1.8541,1 
0.6832,-0.4983,2.8287,-1.1415,1.7475,2.5867,1.7977,3.3023,1 
-0.4692,0.3696,1.6656,0.5878,2.9867,2.3115,1.8705,0.6115,1 
-0.1678,-0.3515,3.9108,2.2786,0.4213,2.169,2.2216,2.903,1 
-1.547,-0.8056,3.1569,2.6791,3.2446,2.0334,2.8708,3.8318,1 
1.1686,-1.387,3.7727,2.4844,3.1974,2.9486,2.9401,1.9522,1 
0.6669,-0.8761,0.6634,0.949,3.7824,1.9988,2.1476,3.0141,1 
0.5202,0.1543,3.5032,1.8624,3.2875,0.2643,2.607,1.659,1 
-0.0704,-0.5802,2.0067,2.5951,2.7951,4.4432,1.3811,1.8638,1 
-0.4148,3.0047,3.1213,1.9308,0.6908,2.8643,1.757,3.7764,1 
0.5095,-0.4762,0.8149,1.8438,1.4392,1.6194,1.3446,1.2445,1 
0.5682,0.0697,1.5679,3.2644,1.6257,0.8585,2.2747,2.7105,1 
0.2,0.1197,0.9774,2.3883,2.2899,3.5634,2.4711,0.4873,1 
-1.66,-1.2663,3.618,1.8591,1.3614,3.2223,0.5009,1.0071,1 
-0.1315,0.4115,2.4747,2.4268,1.4658,1.08,1.6692,1.4798,1 
-0.8645,-0.6866,2.5011,1.5035,2.2918,1.7062,1.3038,2.5524,1 
1.7428,-0.6585,1.839,0.7699,2.5537,1.6287,2.288,1.0584,1 
0.5451,-0.4351,0.8368,1.3873,1.6778,2.7336,1.6326,2.88,1 
-1.1443,0.8053,0.9047,3.751,2.0393,3.1065,0.0802,1.7381,1 
-1.9527,0.6364,2.1904,1.6342,1.3165,1.2612,1.7833,2.215,1 
1.5333,-0.0436,1.5588,2.0111,3.2207,1.518,2.9108,3.9354,1 
0.7823,-2.7427,2.4278,1.4426,2.2362,1.4913,1.125,3.6644,1 
1.1546,-0.2443,1.4743,4.3694,4.2285,1.0306,0.465,2.7565,1 
-0.4848,-0.0988,3.513,1.789,2.3653,4.599,2.7785,1.2663,1 
-0.842,-0.7726,1.2113,0.4267,2.2055,2.2369,2.9426,1.1149,1 
0.9777,1.0196,1.5813,2.6087,2.3767,1.1645,2.5371,2.2005,1 
1.7956,-0.8951,3.4193,2.0791,2.1709,2.3575,2.4712,2.934,1 
0.8305,-0.2836,1.9796,2.5654,0.7076,3.2625,3.2646,2.6508,1 
0.1766,0.4793,1.4399,2.5315,1.1979,0.8688,4.1873,2.65,1 
0.0203,-0.1048,0.6563,3.6815,1.6918,2.0497,2.2052,2.8513,1 
-0.1322,1.9199,1.9652,0.5728,4.0066,1.1113,1.8116,0.5359,1 
-0.2742,1.5926,1.036,2.913,3.0915,0.858,0.1823,2.8048,1 
1.3977,-1.2882,1.9971,2.4671,2.6386,1.7425,1.5482,1.4257,1 
-0.5694,0.2058,1.2976,3.6155,3.1603,1.113,1.8452,0.9565,1 
1.4536,-0.3359,2.2151,0.6877,2.3268,2.7665,2.1428,2.4507,1 
-0.3008,2.8475,3.1108,1.505,2.401,2.6234,1.6867,1.9311,1 
-0.036,0.5105,3.0491,3.0283,2.7933,0.9016,0.3082,2.9063,1 
0.1306,1.0968,2.5725,1.53,1.2334,2.2915,2.0157,1.5907,1 
0.64,0.3607,3.7363,2.0587,0.1207,1.5806,3.8076,0.9361,1 
0.1365,-1.0895,2.2446,1.526,1.6241,0.5518,2.9361,0.9394,1 
1.3539,0.6372,2.2432,1.9795,0.8783,0.7314,-1.2697,1.618,1 
0.7141,-0.1092,3.8435,1.6597,1.3891,1.2073,1.7549,1.4113,1 
1.2165,0.2528,2.4201,2.1385,2.1618,2.9779,2.6052,1.2321,1 
0.8417,0.3862,2.6188,1.3589,1.2017,0.7837,4.8205,1.1377,1 
0.2777,0.3446,1.3207,2.9292,3.0917,1.5568,2.0097,0.6795,1 
-1.4438,-0.0912,0.6854,1.9294,1.102,1.9855,3.1552,1.8983,1 
-0.5115,-1.8976,1.1152,2.5829,1.4826,4.2378,1.6596,0.1305,1 
-1.5707,1.4561,1.3221,3.7247,1.2239,2.0265,0.8604,3.4818,1 
-0.7178,0.7065,2.1241,2.2678,1.0227,1.4071,2.3339,2.4232,1 
0.8019,-0.5462,1.916,3.3959,0.1868,2.8736,2.3697,1.1569,1 
1.0424,-2.0032,0.8697,1.0125,0.5456,3.4466,0.4438,2.7924,1 
-1.3993,0.9074,3.1271,1.7707,1.7549,-0.2338,1.4542,1.4194,1 
-0.1717,0.824,1.4069,3.1462,4.5096,1.1884,2.7455,1.9783,1 
-1.4897,-0.905,0.7434,3.7125,1.0814,3.0704,1.7333,2.5491,1 
-0.5369,-0.0175,1.795,0.9529,1.5174,0.5825,0.4853,1.6388,1 
1.8291,-0.7804,0.7149,3.4126,2.6611,1.7529,2.329,2.8868,1 
0.8355,-0.0991,3.4218,2.0181,1.458,1.7907,1.7313,-0.3346,1 
-0.2385,-0.3335,2.297,0.8033,3.6453,2.3982,2.2307,2.5783,1 
-0.2256,1.702,2.2458,2.7741,1.9711,2.8623,2.5246,5.0517,1 
-2.1387,-0.6754,2.5653,1.5818,2.1473,0.9179,1.8046,1.3379,1 
2.3445,0.0084,3.1633,2.8735,2.3152,2.2039,0.2083,2.0339,1 
0.4267,1.6902,2.7411,0.4037,3.5061,1.0208,1.4843,1.3245,1 
-0.505,-0.4396,-0.0506,2.179,1.4474,1.8602,2.828,1.8468,1 
0.7018,1.4737,1.2758,0.7444,1.9667,1.3591,3.2882,1.783,1 
-0.1244,0.1525,3.3936,2.269,3.3774,1.2358,1.5407,2.1694,1 
0.636,0.9311,2.9916,1.2794,1.808,2.6121,1.4859,3.5193,1 
-0.1521,-0.47,1.1483,2.6738,2.2338,2.1834,1.516,2.0203,1 
-0.7655,0.2786,1.6157,0.5297,2.9902,2.5887,1.5945,3.0554,1 
-1.1612,1.9965,2.3842,1.3577,1.6455,0.1699,2.4472,2.2263,1 
-0.0071,-0.9649,2.3719,2.0997,2.3339,2.2824,0.0514,0.5224,1 
-0.801,1.5062,2.1662,1.7447,0.8708,4.1743,2.4544,1.3821,1 
2.4063,2.1204,1.3691,0.9298,2.8776,1.7107,1.4537,2.5635,1 
-0.4664,-0.9233,2.1838,1.9242,1.0467,2.1505,1.2076,1.857,1 
0.8459,-0.3508,0.9502,1.2787,1.8493,2.8229,2.2527,2.0216,1 
-0.6951,0.6914,2.5811,0.6939,2.8013,2.6984,2.2625,3.1814,1 
-0.9142,-0.6004,2.9883,2.195,3.2321,1.8084,0.5252,0.5371,1 
0.9944,1.6716,2.2977,0.5469,1.7913,1.6278,1.0121,2.3503,1 
-0.2922,-1.0809,2.0386,1.9318,2.4986,2.6472,1.5192,2.279,1 
-0.8599,-1.5932,1.8503,2.3842,4.1756,1.9142,3.3239,2.2353,1 
-1.2835,1.0222,1.0255,2.071,3.674,2.2869,0.9708,1.6788,1 
-0.6443,-0.9749,3.9781,2.0458,2.554,2.4304,2.4533,1.0421,1 
0.5164,-0.2124,1.736,1.6961,2.0423,2.3538,0.8928,0.1643,1 
1.0476,0.5158,2.6506,2.1269,2.1012,1.586,1.3065,0.2865,1 
-0.7278,0.23,2.9908,1.2116,4.002,1.4767,2.1198,1.3657,1 
-1.1603,-0.0125,2.4145,2.8241,2.0672,1.7797,3.5081,-0.2246,1 
-0.9208,0.628,2.6653,0.7931,1.5023,3.0753,1.5315,1.681,1 
0.861,-0.4452,0.5977,3.0983,3.2366,1.8747,3.5042,2.9898,1 
-0.0091,-0.3375,0.9295,2.2124,2.3809,4.0127,2.9863,0.9482,1 
0.5955,0.677,0.9419,1.8528,1.1258,3.1932,2.5345,1.4817,1 
-0.6499,-0.2639,0.7369,1.7689,2.3587,2.6739,1.4539,0.8563,1 
2.3531,-0.3365,2.9629,2.4547,1.477,0.5312,1.4925,0.9319,1 
0.2458,0.1221,2.4028,1.9299,2.9366,0.7518,0.8731,2.7483,1 
-0.0973,-0.8718,2.8211,3.9408,2.7156,1.6567,0.5819,1.6811,1 
-0.608,-1.2596,1.4475,3.1197,4.1518,2.123,2.2881,0.9739,1 
1.1718,0.1594,2.0414,1.7974,1.7219,2.906,2.8564,1.6018,1 
-1.1433,0.2533,0.1406,2.3494,3.0489,1.1169,2.9944,3.1961,1 
0.6471,0.8469,1.2194,2.3596,-0.2395,3.0332,1.8628,2.7874,1 
0.0207,0.7067,2.7441,1.8396,3.5605,4.5026,0.843,2.5009,1 
-0.5284,-0.1804,2.2873,0.7559,2.2243,3.5471,2.6185,2.1845,1 
0.7074,0.8852,2.1926,2.6028,2.5295,2.521,2.0438,2.7476,1 
-0.7355,0.9869,2.9238,2.5766,0.6582,2.6028,1.5143,1.9159,1 
0.9385,0.356,2.5349,1.4256,2.5427,3.4988,2.9277,2.0042,1 
0.5231,0.1321,1.0293,2.1009,2.6813,0.5767,3.1635,2.7154,1 
1.4983,-0.9256,2.4114,1.6547,1.4619,1.5338,1.8054,0.9488,1 
-0.3978,-1.1789,0.4569,3.8502,0.7441,1.8262,1.178,0.4946,1 
1.3075,0.2061,3.5328,1.8983,3.0018,1.4493,2.5778,2.2736,1 
0.308,-0.0906,1.0498,1.949,0.4417,1.1526,1.8288,2.6487,1 
-0.4326,0.5976,2.8125,1.6345,2.5614,0.5834,1.2976,2.4562,1 
-0.5463,0.027,1.4974,1.0252,1.6953,3.9576,2.8024,2.1924,1 
1.8624,0.4217,1.2898,2.1661,2.1197,2.9492,2.4867,2.6696,1 
0.8562,-1.8816,-1.013,2.4363,0.4393,2.3542,1.9051,2.6728,1 
0.3484,0.6775,4.5133,3.1857,0.8474,0.9572,2.0507,3.0867,1 
-1.5021,-0.3161,0.7679,2.4991,1.6493,2.4663,0.7857,3.961,1 
-3.0105,0.4445,3.8066,1.4164,3.3857,0.185,2.2504,1.8823,1 
-0.3476,0.0768,0.9871,2.5957,0.7697,5.0809,-0.1561,0.9109,1 
-1.2169,-0.7637,2.2403,1.3842,1.6999,3.1152,1.6029,1.8743,1 
2.7574,-2.0521,0.2838,2.3979,1.0568,2.4606,1.4149,1.0912,1 
-0.4793,0.3836,1.8568,1.7882,1.2306,1.3523,2.4938,3.0042,1 
-1.0008,0.8032,0.9255,3.942,1.4649,2.3947,0.7633,3.1722,1 
-0.6673,0.2714,0.83,1.4161,2.9237,2.0749,1.6408,1.783,1 
-0.5791,0.8074,1.5186,-0.0296,1.5447,0.892,3.2884,0.8513,1 
0.3509,2.1721,1.2726,1.21,1.6169,1.8395,0.8491,1.758,1 
-0.0285,1.2438,3.1264,1.572,2.4494,1.3958,2.1803,3.6004,1 
-0.9447,1.6625,2.364,-0.1026,0.8123,0.2531,1.7736,1.1645,1 
0.1439,0.1627,1.8342,2.4191,1.093,2.0452,2.4918,3.4269,1 
0.0956,-1.1132,1.7579,1.6893,2.6809,1.7096,1.8739,1.2199,1 
0.2869,0.1176,2.1105,1.495,-0.4707,1.9254,0.6271,1.3479,1 
-1.4922,0.5901,1.6943,0.7569,1.4746,2.9967,-0.3826,3.0937,1 
1.6715,0.446,0.9731,2.3706,2.9089,0.7855,2.391,3.6678,1 
-1.0277,0.1619,4.9202,2.2258,1.4881,1.6415,2.9783,1.1573,1 
1.0776,-0.0153,2.0352,1.2993,3.6828,2.0206,2.0731,1.865,1 
-0.3693,-0.8907,0.7188,0.3558,1.3961,1.4505,2.5109,3.2596,1 
0.1992,-0.1499,1.9503,2.8883,2.0781,2.9308,3.3157,2.0431,1 
-0.0556,-0.6163,-0.1789,2.1346,1.2262,1.2731,-1.0998,2.8084,1 
3.1923,0.1663,2.5793,2.0386,2.9504,2.8292,1.5532,0.6401,1 
-1.8728,0.6124,2.618,2.257,0.6648,1.5828,3.4571,1.8581,1 
0.9309,-0.441,1.7636,2.3523,1.2116,2.8083,3.8131,3.5821,1 
1.4509,0.5818,2.3366,1.5877,2.2734,2.1487,2.0008,0.261,1 
0.5477,-1.1172,2.3523,2.0853,3.0312,2.1156,2.0063,0.4718,1 
0.4365,0.9587,1.6087,1.078,2.0905,2.3736,3.2235,2.0864,1 
0.3419,2.7688,1.4864,1.2239,1.413,2.3337,2.4626,4.0971,1 
0.1076,-0.3068,2.1754,1.5866,1.3463,0.9611,2.4455,2.9126,1 
-1.8018,1.3217,0.3424,2.3061,3.4372,1.5806,1.3172,3.1389,1 
0.1895,0.643,0.4225,1.124,2.1589,0.8009,3.1607,1.7025,1 
-0.711,0.3101,1.0452,2.4904,2.0106,0.9146,1.5811,2.4576,1 
1.0221,-1.9192,1.4751,2.2718,2.6547,2.1933,1.9409,2.3909,1 
-1.3389,-0.17,1.5787,1.234,1.9244,1.8001,2.6301,2.1148,1 
0.6657,0.9175,1.7419,3.6727,2.3019,2.1353,1.9426,2.7733,1 
0.8903,-1.5929,1.6577,3.2739,1.9911,2.6781,0.4217,1.1355,1 
0.007,0.6505,2.6856,2.2528,2.2923,1.0646,1.1484,2.1963,1 
-0.9825,0.944,3.4469,3.5148,2.1002,3.2312,2.303,2.2605,1 
0.3592,-2.0372,2.129,3.3747,1.6129,2.0276,1.268,2.381,1 
0.3185,0.6728,3.4346,2.5387,1.1656,1.8401,1.8147,1.507,1 
-0.7268,0.6511,0.5542,2.0903,1.5714,1.865,1.4637,3.1337,1 
-0.4157,-3.012,1.641,3.5467,1.1054,2.2908,2.814,1.8964,1 
-0.2637,-1.7291,2.0959,3.761,1.3253,1.0826,1.593,3.2884,1 
-0.0928,0.6837,2.1064,3.542,2.8894,0.5648,0.6634,1.7298,1 
0.0004,1.1265,1.2304,2.8076,2.1562,2.2935,3.8608,0.3249,1 
0.5027,-0.2949,1.2824,1.5473,3.8205,2.2209,2.5904,2.4467,1 
-0.0073,-1.4582,1.7691,2.6643,0.2049,1.2879,1.7813,2.6536,1 
-0.0902,0.8055,1.1628,3.646,3.0059,2.7796,3.268,1.4359,1 
-0.9142,-0.0702,2.6618,2.631,2.4689,2.5219,2.363,2.4678,1 
0.0238,-0.8624,2.6714,1.9074,2.0262,2.8431,2.4394,1.8701,1 
-0.3479,1.2548,2.2056,1.2101,2.0297,1.2423,1.3185,3.2506,1 
0.5013,1.359,2.9797,2.8159,2.5907,3.2185,0.6828,0.442,1 
1.3274,0.8239,1.0263,2.4132,1.4049,2.7488,3.3466,0.8735,1 
0.7772,0.9702,2.8257,2.3445,2.6805,1.3533,0.3572,2.4905,1 
-0.2582,0.4189,3.2127,2.195,2.6373,3.182,-0.1353,3.3971,1 
-0.0974,0.1133,-0.8261,1.8977,2.437,1.6875,1.1685,0.46,1 
1.1463,0.4894,1.8881,1.6098,2.4675,2.5262,1.6636,2.1771,1 
0.7844,1.1215,2.0833,1.9578,1.833,2.9084,1.3975,1.9232,1 
-0.1565,-0.2569,2.4148,2.8789,3.3835,1.5119,2.2795,0.7379,1 
0.8994,0.796,3.4648,1.3674,0.3169,2.9517,1.6849,1.5148,1 
-1.3923,-0.5541,2.0922,2.3222,1.6063,-0.7798,2.531,2.3414,1 
0.5646,2.0039,3.1127,2.775,1.3454,2.9551,1.3472,1.5663,1 
-0.6019,-0.4126,1.2928,2.1976,2.9991,0.794,1.0765,1.2131,1 
-0.6811,-1.1331,3.2276,0.1632,1.7108,4.036,1.5144,2.6244,1 
-1.695,-0.0748,1.2436,0.1528,0.7239,3.4858,1.2193,3.2205,1 
1.042,-0.0591,2.1006,2.4994,1.7889,2.0468,2.2043,2.6125,1 
-0.6643,1.2132,2.9916,1.8605,1.6436,3.5911,2.7426,1.561,1 
-1.4738,-0.6892,0.6982,1.9979,2.1254,3.0296,1.8864,2.0274,1 
0.5799,0.5969,1.9312,0.6699,1.5782,1.7617,1.7381,1.8976,1 
-0.3734,-0.1589,4.8635,2.7894,3.4885,2.8324,2.9729,2.8538,1 
1.2302,1.0114,1.9897,1.6384,1.7887,2.873,0.7768,0.4946,1 
-0.2451,-1.4076,2.3741,0.6472,1.084,0.8154,2.0504,2.8539,1 
0.2415,0.292,1.1968,3.2186,2.5844,1.7195,0.9932,3.5686,1 
0.0075,-0.4609,3.6475,0.9889,3.1373,0.444,2.6378,1.9655,1 
-0.2153,0.5241,1.636,1.7015,1.6115,1.0943,0.9212,3.6025,1 
-1.1891,-1.6218,4.693,3.9201,1.2633,3.182,0.8349,1.5245,1 
0.5238,0.2023,2.1126,0.8814,0.6466,0.7952,2.6616,1.9967,1 
-0.0176,0.53,2.7205,1.24,2.5576,4.3928,1.0273,2.9383,1 
-1.1347,-1.7945,1.0418,2.3134,1.4433,1.9735,2.674,1.3344,1 
0.2848,0.0244,1.539,2.2247,0.4653,2.5704,3.3324,0.3264,1 
1.0034,1.1747,2.5997,2.4667,1.9573,2.4586,2.9293,2.2278,1 
1.2171,0.3279,2.4897,1.9773,1.8138,1.1865,3.4556,2.6197,1 
1.023,-0.5813,0.6953,1.4606,1.9126,1.9072,0.6298,0.3961,1 
-0.4787,0.8136,2.8396,-0.0438,0.9985,0.9531,0.5801,2.6953,1 
-0.7766,0.7528,2.4314,1.3459,1.5542,1.0166,1.3804,0.9741,1 
-0.5846,0.4669,2.5595,2.0233,-0.8577,4.0441,1.8613,0.8066,1 
-0.6354,-2.0933,1.2316,1.8656,3.8305,2.0371,2.5647,0.0569,1 
-0.6808,0.4652,1.4128,3.4128,2.2008,0.2326,2.9797,1.445,1 
0.547,1.0807,3.1697,0.8762,0.0487,3.1266,2.0521,1.6597,1 
1.3703,-0.4386,3.7672,0.6097,0.831,1.7611,1.8991,2.8281,1 
0.3517,-1.2066,2.121,1.7755,2.8694,1.1644,3.7275,3.7057,1 
0.413,-1.7977,1.7064,2.1304,1.6595,3.2288,1.1717,1.4696,1 
0.3379,-0.3338,1.887,1.3018,1.2153,2.4443,1.869,3.0883,1 
-1.1301,2.5385,2.0381,2.8047,3.4357,2.1787,2.7812,-0.1308,1 
0.4129,-0.5305,2.4145,1.2769,3.3434,2.109,2.3527,3.1144,1 
0.2855,1.2216,3.5118,-0.0815,1.4159,0.1482,0.8315,3.9144,1 
0.6367,-0.3725,0.9171,2.4183,3.1459,2.8521,0.8002,0.4335,1 
-1.4596,0.1641,-0.1591,2.015,2.0006,3.127,4.6387,0.3124,1 
0.9209,0.5292,1.0271,2.9892,3.1365,2.1856,1.7269,2.1092,1 
0.2808,0.0649,3.2492,2.8993,-0.2145,2.3673,3.1149,0.0685,1 
-1.6698,-0.7196,1.5293,2.4979,-0.1225,2.8219,3.2477,1.8939,1 
-1.1438,-0.7572,2.1079,1.1913,0.9615,0.3303,2.3496,1.5433,1 
-0.7893,-0.545,2.7592,1.7986,3.3986,1.6978,2.2189,2.4999,1 
0.2317,-0.9764,2.336,1.7864,0.6654,1.0156,2.7062,2.0162,1 
-0.7766,-0.5591,0.4529,2.1356,0.8152,2.1341,-1.0724,0.2646,1 
0.1905,-0.3151,2.0048,1.0015,2.6457,2.2817,2.5942,2.2728,1 
-1.6444,-0.6605,2.3812,1.693,3.9733,1.1517,2.052,0.4397,1 
0.395,0.2204,2.9729,2.7897,1.4223,2.2459,-0.6997,3.5903,1 
-1.6037,1.768,3.6113,1.7159,1.7981,1.7271,2.0712,0.3726,1 
1.1894,0.4155,2.5452,2.9997,1.2107,3.539,2.7961,3.4813,1 
-0.3536,1.3695,3.2991,1.6197,1.689,3.1011,2.5821,1.3667,1 
0.7751,-0.7451,1.7092,2.343,0.8936,3.0618,1.5572,1.4133,1 
1.1945,2.3542,0.4648,2.1879,2.8606,0.9122,1.342,-0.0279,1 
0.5883,-0.754,2.8761,3.1518,1.3678,2.223,1.3693,1.8534,1 
-0.0794,1.3717,1.1009,3.3308,2.578,1.7124,1.5593,2.0956,1 
1.2366,-0.913,1.4647,2.2135,1.7081,1.7484,1.697,2.5398,1 
0.7595,0.0848,0.8454,1.1546,2.3083,2.6421,2.2999,0.8466,1 
-1.5439,1.0662,2.3763,0.1766,1.8418,1.8943,1.9794,1.474,1 
0.4194,1.8125,2.2149,1.0823,2.8851,1.2436,2.1943,2.8484,1 
0.2944,1.1831,-0.446,3.5821,2.7994,2.9992,4.0159,1.8458,1 
0.8789,0.4045,1.5472,1.4444,2.359,2.3025,3.3108,0.9977,1 
1.0523,-1.0462,3.0709,2.7787,1.8572,0.9389,1.8207,1.2224,1 
-2.3553,1.1403,1.1162,0.8517,1.5854,2.613,0.6787,1.6715,1 
0.1661,0.2134,3.242,1.7589,1.1323,0.6728,2.3473,3.3122,1 
1.472,-0.6611,1.6308,0.8945,3.6511,2.3128,0.8217,0.2938,1 
1.0252,-0.4241,1.6442,1.0309,1.1057,1.1551,1.6693,0.7316,1 
0.7125,0.5493,3.1875,4.0232,1.4506,1.2343,3.3364,1.7857,1 
0.1855,0.3219,1.6678,3.9938,2.516,1.6132,2.8795,3.5034,1 
-0.8859,0.6366,2.9039,2.3897,0.2606,3.6758,1.3645,1.0067,1 
-1.5586,-0.1466,1.48,2.3617,1.9564,2.7458,3.8291,4.0806,1 
-1.4664,-0.55,2.1704,1.4947,3.0758,1.5314,1.3813,0.3878,1 
1.5014,0.753,-0.1503,1.7708,2.2202,4.0048,3.0342,1.3288,1 
0.4342,0.9362,1.7385,2.5811,0.353,1.0448,1.7825,3.048,1 
-1.0863,0.5878,0.8104,-0.1037,1.1253,2.4193,2.0177,2.7947,1 
-0.9131,0.6502,-0.9452,0.3823,1.7659,0.615,0.4852,-0.0944,1 
-1.3532,-0.8806,1.9888,0.7625,1.7377,2.3929,-0.4584,0.6595,1 
-1.0519,1.7518,2.4096,1.4612,0.4121,1.0346,1.4405,0.5397,1 
0.6446,-0.7164,1.6097,2.6766,0.8685,1.4402,1.8334,1.785,1 
-0.4134,1.8895,3.452,1.6211,3.3143,2.8974,2.1794,1.9965,1 
-0.3729,0.0192,2.2516,2.1201,1.6804,1.1005,2.1749,1.1368,1 
0.2914,-0.9813,2.0464,2.9614,0.5633,2.2793,1.751,3.0338,1 
2.223,0.2008,2.7186,1.4424,2.8573,2.9257,1.5741,1.0676,1 
-0.3265,0.6486,2.0265,1.0753,0.3806,1.5259,1.0558,1.6476,1 
-0.113,1.3961,2.145,1.4576,4.1508,-1.095,2.5446,1.7099,1 
-0.1027,-0.7405,3.1234,1.9945,1.9719,3.8682,2.976,1.496,1 
-0.2978,0.4357,1.5925,3.5721,0.5336,1.2456,2.1804,3.2227,1 
-1.488,-0.3436,1.0291,2.6466,1.16,2.7288,2.9244,0.434,1 
-0.1366,-0.0356,2.1267,1.3148,1.359,0.1859,1.5695,2.3917,1 
-1.413,-1.1719,3.0421,1.8254,2.3265,0.3287,1.6772,1.8692,1 
1.0023,-0.3339,2.9937,1.082,1.8785,0.7589,2.1459,2.1342,1 
0.0619,-1.5426,0.9391,1.3844,2.584,2.6761,1.4455,1.197,1 
0.0592,-1.1421,4.7673,3.6339,0.4673,2.2623,1.8018,2.433,1 
0.5973,0.4465,2.7693,2.7106,3.3297,1.3147,1.3185,2.3184,1 
-0.1522,2.2672,1.9457,2.6376,2.4872,4.0509,2.5603,0.7025,1 
-1.4067,0.1927,1.3899,2.7253,4.2401,2.4758,3.0357,3.1837,1 
-0.5723,-1.3739,1.0147,1.6435,2.6188,2.1781,1.8491,4.0323,1 
0.3872,0.1787,1.7456,1.2764,2.0814,3.1605,2.601,2.7265,1 
1.0837,-1.4107,2.2331,3.3177,4.2129,1.5022,1.1828,2.5744,1 
0.7988,2.173,2.843,4.6905,0.6028,1.2011,2.4914,0.7122,1 
-0.3797,-0.5715,2.1913,2.0345,1.1713,2.4125,0.9332,1.0193,1 
1.1273,-0.4061,1.8652,1.8272,0.9653,4.3268,1.6102,0.5628,1 
0.0195,-0.9745,0.7109,1.6786,2.2964,2.2561,2.1243,2.1304,1 
1.7451,-0.5065,2.9792,2.9779,2.9859,2.6275,0.5807,1.1829,1 
-0.4598,-0.4571,0.8163,1.1931,-0.8036,0.3984,1.9854,-0.0436,1 
1.9945,0.2548,3.5185,3.3815,4.5659,2.2737,1.919,0.8655,1 
1.1073,0.6694,1.2036,3.8039,2.9381,1.3588,2.9113,0.7214,1 
0.18,0.8831,4.0299,1.8105,1.5426,1.9988,2.558,2.7039,1 
0.8505,-0.5676,2.0614,2.0527,1.2421,2.636,1.6997,1.496,1 
0.6045,-0.1163,0.9592,1.5048,3.4226,2.5936,1.9865,1.9157,1 
-0.7099,0.0783,0.4257,2.1238,1.4355,2.6056,1.7242,1.8006,1 
0.1226,-0.4404,1.2672,3.983,3.1173,1.7777,3.3909,2.1817,1 
0.5247,0.4487,2.0805,2.0933,2.1891,3.7839,2.8654,2.1715,1 
0.6894,1.2934,1.9995,2.5689,3.8379,3.1701,3.2236,1.9159,1 
-0.8604,0.2346,1.9813,1.8823,1.3216,3.5415,3.7682,2.1422,1 
-0.9237,0.8754,1.6228,0.1849,2.7977,3.3515,2.9112,2.5107,1 
-0.6332,-0.2878,1.4097,0.3506,1.901,2.5827,0.8342,1.4796,1 
-0.0121,-0.3679,1.6319,1.2699,2.4804,3.8128,1.3608,1.912,1 
-0.9421,0.5816,1.0373,3.9223,1.3531,1.2995,3.0978,1.9268,1 
0.7553,0.8799,1.2761,2.4803,-0.992,2.2203,3.6065,2.099,1 
0.7357,-0.6017,2.2954,2.9298,1.5235,3.5306,2.2996,1.3951,1 
-1.0115,-0.7833,2.1952,4.3372,0.4014,1.2674,2.3422,0.5453,1 
-0.7149,-0.0557,3.3904,2.4212,2.6427,3.152,-0.1168,1.2519,1 
0.1308,-1.3708,1.6341,1.0085,0.9699,3.7467,1.5404,1.3071,1 
0.1176,-1.1519,0.8874,2.6783,3.6503,0.9591,4.5208,2.5233,1 
0.7058,-1.5805,0.9272,2.9032,-0.0078,4.5952,0.1418,0.4443,1 
0.9335,1.0355,2.9264,2.9346,3.2992,3.9342,2.7368,2.3816,1 
-1.6897,1.8841,4.3172,3.5756,2.8997,3.6224,1.8736,1.4635,1 
1.5774,-0.2829,1.822,1.6224,0.8138,1.1961,1.0847,4.0048,1 
-0.6121,0.6566,3.3112,2.6461,1.2635,2.3007,0.0957,3.1318,1 
0.4133,0.6471,2.287,4.2816,0.573,2.9746,1.7738,1.8941,1 
1.2153,-1.3755,3.8519,0.3794,-0.0373,0.2666,3.5184,2.7347,1 
-0.8097,-0.5406,1.2211,1.7541,0.6685,2.572,3.6776,1.2906,1 
-0.9062,0.0738,4.7264,1.7569,2.1001,1.9543,1.7181,3.2329,1 
-0.6072,0.5405,2.417,2.7381,1.1951,2.517,1.3217,1.1033,1 
-0.6106,0.0577,0.914,3.2289,1.843,2.8754,3.2597,4.3467,1 
0.0969,1.5448,2.1296,3.9209,2.2126,2.3218,1.1941,0.1683,1 
-0.9067,-0.0918,2.2384,-0.4788,1.4618,-0.5289,0.9322,-0.0922,1 
-0.2425,-0.4517,1.1564,3.8238,1.9979,1.6512,2.9594,1.4677,1 
1.132,-0.2013,1.6605,1.8864,2.9867,2.6856,0.3161,1.9578,1 
0.8292,0.7605,2.0801,1.5294,2.2529,1.4249,3.2597,1.8665,1 
-0.4165,-0.66,2.0708,1.3089,3.2056,2.4452,2.1264,1.5214,1 
-0.7584,-0.2268,2.4721,2.0245,1.4107,1.9205,0.8876,0.1909,1 
-0.334,-0.0665,2.4916,0.9405,0.0979,1.2132,1.5231,1.7899,1 
-0.9238,-1.3042,0.5463,0.9671,2.1425,1.1554,2.1284,1.0162,1 
0.1147,0.2518,2.4743,2.2905,2.6849,1.974,2.0496,1.294,1 
-0.257,3.59,3.0294,3.3168,1.5186,1.8089,1.6263,-0.2105,1 
0.718,1.6288,1.3646,1.7946,1.6794,2.5754,2.3653,2.6217,1 
-0.6246,1.8269,2.0404,0.9439,1.2698,3.0192,1.7008,1.5213,1 
-1.0189,0.3803,2.5742,1.1041,2.8319,0.1527,0.0947,1.1904,1 
-0.9061,-0.0884,3.2567,2.8562,2.1779,2.3803,3.0723,2.4927,1 
0.9032,-0.4587,2.3379,1.6411,2.9334,0.4432,2.481,2.2996,1 
-0.3171,0.6666,2.3225,1.4885,3.4221,1.8785,2.3878,4.0775,1 
1.0629,-0.4757,3.07,1.1948,2.247,4.3265,1.4623,1.5118,1 
0.1749,1.5893,2.0066,1.7797,2.5029,4.0723,2.6159,3.0626,1 
0.6839,-0.6145,0.8228,1.313,1.5334,1.1648,2.7324,0.5071,1 
-1.6531,-1.269,3.5279,0.7757,1.6282,4.0944,1.5377,0.9725,1 
0.5649,2.3889,2.9534,1.0378,2.0736,0.8136,1.4566,1.0044,1 
-1.2301,1.1669,1.6431,1.3047,1.9399,1.3125,3.1896,3.0579,1 
0.2177,0.5942,2.0134,1.2317,1.6284,3.013,2.3199,2.3045,1 
-0.1652,1.6329,0.8905,2.5389,2.346,0.8012,2.0969,1.9323,1 
1.2956,-1.2075,4.4389,2.7944,-0.3157,2.2672,1.3895,2.4146,1 
1.2233,-1.4462,1.9599,1.8768,2.2101,0.4323,0.5104,3.2449,1 
1.4472,-0.3935,3.1932,2.5573,3.3531,3.5058,0.3016,2.7419,1 
* 
7.853,-0.5993,1.9603,1.2818,0.6978,1.6206,1.8984,1.9731,0 
7.315,-0.1644,1.4825,1.7889,3.3087,0.1179,1.7156,1.4405,0 
5.5197,1.941,1.1714,1.1724,1.4489,2.6343,-0.3899,1.7601,0 
7.2739,0.7035,2.0852,2.1075,0.8056,1.7379,3.128,2.3666,0 
6.6773,-0.4053,1.7115,0.9416,2.9208,2.3584,0.962,1.6585,0 
7.8578,-1.7837,2.3096,2.7181,1.9152,4.6229,2.4751,0.6771,0 
6.2791,-0.1507,2.4787,2.2067,1.3347,1.2594,3.5786,3.4203,0 
6.7034,-1.522,2.6516,1.3978,0.5082,1.7314,3.8571,1.8481,0 
8.5039,-0.9842,2.6836,1.2963,2.4807,2.2539,1.5196,2.2947,0 
6.4626,0.1866,2.0143,0.3621,0.356,2.2254,1.7006,1.2584,0 
7.1284,2.2874,2.0446,3.0509,1.2811,2.4069,1.4853,3.4123,0 
7.0125,1.7077,2.5128,3.2405,2.1594,0.3915,0.3089,2.702,0 
7.716,-0.6245,1.0789,1.7802,3.9803,1.9529,0.2943,1.8937,0 
8.1589,0.6047,1.812,1.8979,1.0812,3.0562,0.8087,2.6318,0 
8.3197,-0.8198,1.8355,2.1453,1.1046,0.9744,1.0724,3.0713,0 
6.7248,0.3388,1.74,1.2071,3.1109,1.1444,3.6839,0.0211,0 
7.4535,-1.3187,3.2197,0.4329,0.8601,2.6365,2.2023,2.6398,0 
8.3891,0.2005,1.8208,3.975,2.0314,2.2657,3.9149,1.7623,0 
7.0696,0.3636,0.5029,1.7953,2.4105,1.3256,1.6776,0.0546,0 
8.2125,0.1155,2.4589,3.669,1.6193,0.4158,3.2791,1.881,0 
10.5105,-0.5503,3.1715,2.9869,1.4341,1.9347,2.1029,2.8185,0 
10.5151,0.1616,3.3821,2.2917,3.3752,1.6192,3.289,0.7123,0 
8.7996,-0.1333,1.8041,2.2167,2.435,0.9732,3.0273,1.6416,0 
9.6652,-0.4544,3.9712,0.9319,2.0239,1.2448,1.6014,0.3843,0 
7.7158,-1.4264,1.5277,1.8041,1.7175,2.0236,1.9027,2.0815,0 
8.8283,-0.8809,0.7908,1.5848,0.6024,3.0816,0.8628,2.2131,0 
8.5011,-0.6691,1.4988,1.5455,2.051,0.6496,2.6804,2.3372,0 
8.6338,-0.7807,1.8519,0.3849,2.5818,1.4299,1.0971,2.3519,0 
8.0515,0.4287,2.1822,2.5796,1.9081,2.2467,1.4564,1.9557,0 
8.7992,0.9143,1.5725,1.027,0.5827,0.1164,1.7911,0.2617,0 
7.9177,-2.1885,0.6334,2.5696,2.0756,1.3257,3.4467,1.309,0 
8.3674,-0.017,2.8436,2.3442,2.9393,3.6452,0.1942,1.7727,0 
9.6919,-0.7679,1.583,2.4667,1.512,1.9025,-0.0032,2.8654,0 
8.1829,1.4272,0.7737,2.5517,2.9328,3.8846,0.7589,1.0241,0 
8.1547,0.6308,2.4473,1.3336,0.4294,1.3505,1.7246,1.4999,0 
8.012,0.3746,1.5403,3.0322,2.6458,1.2528,1.695,2.5115,0 
8.7886,-0.5902,2.9032,1.5811,4.0236,1.313,2.0866,2.3414,0 
8.2691,-1.1422,1.806,1.2397,1.5515,0.2498,1.7029,1.042,0 
7.8556,-0.0903,2.9298,1.4819,2.6503,2.3186,2.5399,0.5157,0 
8.3618,0.2295,4.3553,1.5005,1.8715,3.8825,-0.0842,1.3362,0 
8.3345,0.9091,2.5076,0.3243,1.4057,1.3152,1.0618,1.6681,0 
8.1417,-1.2643,2.4031,1.0076,1.4498,2.5168,2.7493,2.0902,0 
7.5928,0.1425,2.5686,1.7176,1.0273,1.0944,2.8349,1.9658,0 
8.895,-0.9898,1.7497,1.1144,2.9856,1.1612,2.359,0.7941,0 
8.1643,-1.0686,-0.3191,3.5216,0.8341,-0.3941,1.1827,4.4744,0 
5.9458,1.983,2.9791,2.6392,1.7414,1.4599,-0.7998,2.7408,0 
7.2029,-1.9078,2.4197,0.635,2.9196,3.8809,1.3062,0.9036,0 
8.0749,0.3265,2.1473,3.68,3.4386,0.7227,0.3635,1.8709,0 
7.4478,-0.608,1.3924,1.5226,0.3395,2.9222,1.8613,1.4066,0 
7.6761,-1.1124,1.2498,2.1189,-0.0424,2.5915,1.4146,2.825,0 
7.9233,0.0421,0.2303,1.218,1.6769,0.3582,2.2118,3.0117,0 
6.2334,1.1126,1.8744,2.0687,3.5743,-0.2306,1.3694,0.5568,0 
8.9512,-2.3732,0.8533,3.5087,2.2289,1.4197,1.2527,2.0101,0 
8.7136,-1.7202,0.0092,2.4136,2.4205,1.5129,2.5935,2.4079,0 
9.4079,-0.1025,2.7547,2.8718,1.6227,2.2214,3.7614,-0.0483,0 
7.68,0.3389,2.7683,2.2761,3.2865,0.5277,1.8092,3.283,0 
8.1249,0.9987,2.4017,2.9701,2.1203,0.9435,1.5803,-0.9931,0 
6.9464,0.8893,2.9854,1.8406,3.004,1.0549,3.6346,4.2609,0 
7.363,-2.6526,2.2992,3.5767,2.0936,2.0018,2.6248,2.3036,0 
7.9921,0.8443,2.2648,1.8913,1.743,0.9,3.6487,1.4124,0 
7.6471,0.4969,2.0893,1.7108,0.9422,0.9964,3.4424,1.2002,0 
8.021,0.1838,1.9503,2.4786,2.6727,2.7113,0.4674,1.5185,0 
8.2807,-0.443,2.2453,3.3538,2.0432,0.0233,1.0793,0.776,0 
6.0488,-0.5242,0.3106,3.0962,1.4243,1.3454,1.5432,1.0605,0 
7.7187,-1.9686,2.2431,0.4831,2.8273,2.2206,1.1997,3.2032,0 
5.7498,0.1264,1.439,3.5568,1.3448,3.0711,1.447,2.9178,0 
8.9994,-0.5674,1.8045,0.0457,2.1104,2.1693,0.5881,2.2383,0 
8.6113,0.9326,0.7272,3.5549,0.1666,0.8453,-1.1929,0.6124,0 
8.3876,1.1114,3.9605,1.6469,2.3698,2.4414,3.9598,0.9561,0 
8.9068,-0.6286,2.4882,0.4737,1.5203,0.6722,2.7294,2.0675,0 
8.6013,-0.0458,3.6784,2.6487,1.4969,0.9933,2.3442,1.0087,0 
5.8805,0.9664,2.5068,2.675,3.2531,1.7566,2.8531,1.0248,0 
7.5031,0.8467,2.5944,2.235,2.2731,-0.2613,2.2422,2.9676,0 
8.6953,-0.7287,3.586,1.1093,1.5116,2.1962,1.4956,1.181,0 
8.4257,-1.3846,3.3432,3.1389,0.3961,0.2083,2.2382,1.8526,0 
7.8895,0.7632,2.6885,3.4818,2.2085,-0.4815,1.7723,2.4002,0 
6.7782,1.2032,0.8771,2.9352,3.0776,1.7133,3.0923,1.3373,0 
7.6914,0.9814,1.1462,2.6732,2.231,1.7216,1.4894,1.6981,0 
10.4654,-0.2064,1.3604,1.9343,1.865,1.6504,-0.0058,3.4738,0 
8.2798,0.2565,0.6489,2.5031,2.1547,0.9493,2.3439,2.9684,0 
8.5462,1.0965,1.1685,2.2113,1.6198,3.5963,1.5676,1.4511,0 
6.0199,0.7783,1.8026,1.6086,2.4186,1.8241,1.4954,1.0084,0 
7.8826,0.9556,1.7483,1.1545,1.8967,2.8381,2.8963,1.9005,0 
8.4365,-0.4558,1.8172,1.4206,2.0201,1.5675,2.4322,0.1569,0 
6.8639,-0.6509,0.0012,2.7801,1.5729,1.3086,1.9966,1.4862,0 
6.6373,-0.5394,2.7291,3.807,1.226,0.7202,2.7591,2.164,0 
6.7885,0.7326,2.9817,2.5958,1.2243,1.9236,2.9521,1.8537,0 
7.4004,-1.8107,2.5542,2.1425,1.3079,1.714,4.015,1.8846,0 
6.2277,-1.0948,1.1137,1.4632,3.4713,3.7316,2.3861,2.1116,0 
8.6617,-0.6943,0.5495,2.5271,0.9938,0.8882,2.5947,1.9425,0 
7.9446,-0.545,3.1377,0.9573,0.7078,2.3915,0.5218,1.7195,0 
6.9236,0.4231,3.0081,0.9541,3.5368,1.2062,0.8326,2.5874,0 
8.1148,-1.0908,2.867,2.6246,3.1977,2.3295,2.351,2.2485,0 
7.5491,-0.6313,1.4185,2.5753,3.2002,2.4035,0.5879,4.4953,0 
8.5236,-0.6654,0.9555,2.6309,2.4619,0.6766,2.9716,1.9273,0 
7.5423,-2.078,2.6744,0.8763,2.5301,2.2752,2.0202,2.9688,0 
7.9301,1.2754,2.987,1.9767,1.3734,2.7079,1.7142,2.8221,0 
6.9416,0.8468,2.3062,2.6919,3.0667,2.7649,-0.1622,1.5185,0 
7.3442,1.5459,2.4067,4.0662,2.0351,2.8021,2.7741,3.9754,0 
9.3462,0.7723,1.8036,2.0333,1.3368,1.687,0.6452,4.1217,0 
7.3267,0.0973,1.7999,3.0927,1.1073,1.7499,0.6807,1.2098,0 
6.9048,0.4403,2.8269,2.3332,1.9158,0.3158,0.9241,0.2956,0 
8.2974,-0.1159,4.2202,1.3714,1.8196,1.2898,4.0402,2.902,0 
6.0231,1.0,3.2085,1.4828,2.9003,2.8566,1.3001,1.6628,0 
8.0441,0.4431,1.522,1.2331,4.0388,1.3973,2.9751,1.87,0 
9.4922,0.8441,0.9828,3.1005,3.9395,1.6548,1.559,0.3187,0 
8.595,1.3818,2.238,1.3413,4.5555,2.2287,1.1783,2.6664,0 
7.4244,-0.9357,0.9366,1.9957,2.0619,2.4978,3.4197,2.3895,0 
8.6868,0.339,2.1457,3.029,1.8061,0.8574,2.133,0.7274,0 
8.2859,-0.5151,2.8612,1.5773,0.1338,0.7477,3.7537,3.8353,0 
7.7521,-0.4915,2.3189,1.4411,2.2188,0.4506,2.9352,1.2936,0 
8.9193,-0.2776,1.828,1.1223,2.0086,1.761,2.9447,2.0382,0 
7.2818,-0.7049,1.5182,-0.5406,2.405,0.9682,2.172,2.3634,0 
9.6185,1.2201,1.3606,1.9922,1.8989,1.952,1.9602,-0.5255,0 
7.1214,-0.6328,1.8879,3.201,0.6226,4.7017,2.7328,2.192,0 
7.4384,0.6433,3.3952,2.0892,0.4961,2.0027,4.0552,3.5607,0 
7.7824,0.1193,2.4787,2.1716,2.145,3.3939,1.8979,2.7981,0 
8.7354,0.6822,1.8751,2.9891,2.2692,1.2664,3.1284,3.2486,0 
8.0097,0.0146,1.9339,0.2586,0.7297,-0.4325,2.5607,2.512,0 
8.5685,1.8726,3.2523,0.9278,1.4336,2.7689,-0.3794,1.1424,0 
8.1535,0.0907,2.7466,1.932,3.5521,1.9518,1.5274,2.3683,0 
6.1239,-0.2082,1.3059,1.2367,3.0226,2.0299,1.1902,0.8172,0 
8.1268,-1.1014,2.0659,3.2779,4.1214,1.3578,2.3293,-0.9117,0 
10.2537,0.7626,1.1754,2.2946,0.769,2.0849,1.7911,1.6693,0 
6.606,-0.5094,4.8796,1.5654,2.6519,1.8084,1.4057,1.7424,0 
7.1231,-1.2679,3.1917,0.6316,2.3467,0.551,2.2545,0.0591,0 
6.6021,-0.0971,2.5786,1.3044,0.4722,0.4608,2.2341,2.0753,0 
7.7103,-1.7714,1.4825,2.1167,1.3965,2.8598,3.7485,1.9034,0 
8.9677,-1.1319,0.5635,1.8505,2.4056,3.3921,2.1126,1.8603,0 
7.5422,0.9584,2.1899,0.4793,1.7327,0.7732,5.3765,2.6369,0 
10.7279,1.1382,2.2939,3.0015,2.604,4.9116,2.1064,2.6056,0 
8.0925,-1.7621,3.5451,3.4306,1.78,2.3726,1.7257,0.5052,0 
5.9769,-0.1986,1.4405,2.5252,2.4872,1.0927,1.6804,4.2633,0 
8.8286,-1.8953,0.7709,1.3435,1.4189,1.435,1.2285,2.787,0 
9.8238,1.2647,0.3161,0.7393,2.6807,2.0117,3.045,1.8085,0 
8.244,0.1076,0.0903,2.7057,0.422,3.041,0.8589,1.3101,0 
8.2657,1.2397,0.0749,3.6041,0.3731,2.4088,1.4371,2.2217,0 
6.3601,2.6418,3.5268,3.3416,1.8627,1.3453,2.2779,0.7912,0 
9.2802,-1.1619,1.4917,1.2981,1.4355,1.2098,3.5386,0.7567,0 
8.1898,-0.6558,2.7231,1.2626,2.144,2.4369,1.3826,1.6427,0 
7.5391,-0.9412,2.1013,0.7748,2.0725,2.0191,1.3766,2.2891,0 
8.8755,1.5132,2.7031,2.3702,2.2506,-0.1772,1.2229,2.2582,0 
6.3022,-1.1316,3.1804,2.1873,3.7007,1.3157,3.4128,1.3074,0 
7.1745,1.0799,3.1139,0.3286,2.4622,2.5927,0.832,1.8365,0 
8.9207,1.3302,0.8429,1.373,1.228,2.2343,2.1292,1.7681,0 
7.5648,0.0758,2.0559,0.3818,2.5755,0.9421,0.8448,2.3711,0 
9.0118,-0.7688,2.666,2.5606,3.0217,1.6415,2.1262,2.1098,0 
9.4054,0.0849,2.63,2.8539,0.4864,2.42,2.1843,2.5791,0 
9.1547,1.4726,1.1058,2.1036,2.4126,2.1032,2.9664,1.4206,0 
7.2366,-1.0055,0.3624,2.2107,2.3386,1.4685,4.3169,4.6639,0 
7.2839,-0.2323,1.3693,2.0111,2.3784,1.0545,1.6001,2.7154,0 
8.4844,-0.1863,2.2642,1.3684,3.5018,2.5269,4.941,2.6281,0 
7.3844,-0.5823,2.5383,3.0785,1.3261,1.9056,3.9624,1.3098,0 
8.2409,0.2062,2.9247,2.3989,2.418,0.6568,2.4823,3.9568,0 
7.5579,-0.4503,2.6915,1.5076,2.0007,1.2946,3.1143,0.3706,0 
7.1009,-0.7286,3.0434,2.0194,0.3591,2.1299,2.7846,3.7116,0 
9.3768,1.538,1.391,3.221,3.0791,2.2747,2.0784,1.5311,0 
7.9802,0.434,2.4628,0.8878,2.2036,0.9032,2.093,1.0463,0 
5.9853,1.1468,3.049,1.2855,2.3769,2.2181,3.1133,-1.311,0 
8.9972,-0.4881,3.6402,1.8867,1.2869,0.8133,3.3585,0.3432,0 
6.8394,-0.979,2.2654,2.6254,2.5374,2.4251,2.0424,3.1085,0 
7.3203,1.0305,0.5589,0.819,1.885,2.0419,2.2763,1.2016,0 
7.3626,2.9871,4.2096,1.8612,2.4373,2.2817,0.6472,1.0924,0 
8.8378,0.0938,1.0889,1.7077,1.3681,4.1846,1.6288,2.8707,0 
7.8803,-0.5737,-0.0216,3.7162,3.4894,2.4345,2.6287,1.7705,0 
7.2341,0.6678,2.4935,-0.6003,4.0613,1.476,1.3804,2.4552,0 
9.6927,1.1314,1.7591,3.233,1.2967,1.596,0.8488,1.7593,0 
7.6945,0.9521,2.3648,3.3874,0.9849,1.3917,1.5606,3.7944,0 
8.5656,0.2175,2.2591,1.2212,0.2238,1.5514,4.5748,2.198,0 
7.7586,0.1469,1.4266,2.3631,1.8384,2.3209,2.6208,1.3712,0 
7.8513,0.8534,1.719,2.2965,1.1976,2.3352,3.3397,2.3391,0 
7.6865,1.9201,1.9964,2.522,1.5762,3.3948,0.6839,2.5619,0 
9.0062,-1.5952,0.9349,1.3655,1.8066,1.11,3.199,2.9085,0 
8.6386,0.5369,0.8637,2.877,3.395,2.8927,2.1454,2.2559,0 
6.2568,0.0834,2.2311,2.0348,1.9339,2.1432,2.1773,0.764,0 
5.935,-0.781,0.7921,1.2181,4.01,1.962,1.0797,2.7383,0 
9.4293,0.167,1.4075,3.3098,1.9914,1.6857,1.7887,0.4287,0 
8.0163,1.5813,3.2086,1.4699,2.3393,3.4235,3.1067,3.0386,0 
7.5102,-0.2667,1.7143,0.9549,1.2003,2.5326,1.87,1.9302,0 
8.061,-1.8686,2.5632,1.8663,1.4563,2.2355,1.601,0.7424,0 
8.7877,1.1649,1.7851,3.933,3.1264,0.977,2.8257,1.6768,0 
7.3835,-1.3335,2.9681,2.8316,1.4738,2.3354,1.8087,2.1819,0 
7.8444,-1.5961,1.96,-0.8327,3.1511,1.4,3.7267,1.7341,0 
8.0917,-0.078,2.4908,1.8359,0.6292,1.1984,1.4234,2.3833,0 
7.3968,-2.0121,1.2578,5.0852,2.5462,2.3645,3.1321,2.3648,0 
8.5323,1.1482,1.3277,0.8473,1.6298,1.6766,1.7415,1.6265,0 
7.5769,-0.9855,0.2429,3.7697,1.971,0.8349,2.4171,3.8549,0 
8.8417,-1.1584,0.836,2.4504,1.8867,2.5586,1.68,3.3204,0 
7.445,1.2866,2.9153,3.4351,1.6714,2.1267,1.834,2.9774,0 
9.2624,0.4845,1.8819,1.5958,-0.0768,2.038,-0.0436,2.1169,0 
8.706,0.5502,1.6209,1.1778,1.6902,1.2254,1.6045,0.5175,0 
7.0852,-1.2313,-0.417,1.271,1.4648,1.2175,2.7786,2.593,0 
6.5655,-2.2397,2.6189,2.6613,0.767,0.7809,2.5996,3.1318,0 
7.1803,1.1161,1.4875,3.532,2.5599,1.0174,3.243,1.7603,0 
7.3578,-0.1328,1.578,1.9337,-0.7314,0.6101,1.9242,4.1942,0 
8.8139,0.5003,3.0749,-0.6109,1.0358,3.322,0.9135,2.5506,0 
7.3946,0.0811,1.998,1.4327,1.3003,2.8391,1.22,2.8828,0 
9.5378,0.9868,2.1299,0.7201,1.6302,1.4849,1.2946,2.3084,0 
9.4645,-0.2252,-0.0184,1.8603,2.0676,2.2239,2.5604,1.8812,0 
6.784,-0.85,3.7872,1.499,2.6937,2.0343,2.2375,2.6969,0 
8.2907,-0.5235,2.0689,0.4861,1.6283,2.5383,3.6256,2.5471,0 
7.3699,-0.3155,1.3296,2.3839,1.2005,1.4613,2.8938,1.9002,0 
8.1809,-0.2858,4.4325,2.4918,2.0023,3.3291,0.5566,1.0029,0 
8.7417,0.572,5.42,1.7708,2.9996,2.9421,1.8856,3.0623,0 
7.8201,-0.5958,1.297,3.108,2.258,2.8606,1.7904,1.824,0 
9.6135,-0.7556,1.235,2.9405,1.4409,1.8269,2.2866,0.6226,0 
9.6005,-0.7615,2.6778,1.6661,1.1263,1.9627,3.3672,0.634,0 
7.9683,1.3515,3.9053,2.5759,0.229,2.9488,3.2741,5.1154,0 
8.3388,-0.4272,1.8238,0.3264,1.5514,4.5495,1.3408,1.464,0 
8.3514,2.3206,1.842,3.236,1.3079,2.2657,3.207,2.3458,0 
8.1843,-1.7623,1.8941,2.9554,1.5156,2.6464,1.618,1.3928,0 
7.1615,-0.3306,1.8501,3.5637,0.8063,0.9074,0.442,3.0921,0 
8.5868,0.0764,1.3286,1.0007,0.5653,1.2425,2.6357,3.3517,0 
9.7464,-0.2349,4.1592,1.6781,1.807,2.1176,1.666,2.1796,0 
7.745,-1.1685,1.6027,1.2256,1.8174,0.9335,1.8984,2.1694,0 
6.4156,2.0349,2.6897,2.9288,2.9388,3.003,1.6461,0.9981,0 
9.1766,0.5478,1.4153,4.0961,1.735,2.6318,1.5039,1.8225,0 
7.2318,0.2019,0.827,1.4735,1.1492,1.0119,0.7824,1.5987,0 
7.2038,0.0917,1.593,2.9839,2.2079,1.0998,1.023,2.3468,0 
7.5104,1.2736,0.6533,3.1139,2.7635,2.8401,1.2912,2.2919,0 
7.0815,-0.881,2.4413,4.033,3.3545,1.2934,3.1097,-0.1373,0 
7.1212,-0.0799,2.8971,1.6682,3.2066,3.2732,0.8441,1.1161,0 
6.7693,-0.4217,2.0789,1.3164,1.4828,1.3806,3.2501,1.6509,0 
8.5946,-0.301,2.8064,2.7289,2.209,2.4899,1.1055,3.9359,0 
10.2205,-0.1466,0.7346,1.2296,0.444,2.862,3.2179,3.2205,0 
7.6016,0.684,0.9951,1.1758,2.3805,0.8717,3.67,1.7364,0 
7.808,-0.3568,0.6992,2.5386,0.7015,1.2493,1.7554,0.3089,0 
6.9615,-0.5039,1.4335,2.4783,1.5103,0.8876,0.4742,1.5251,0 
8.7324,0.3585,2.2966,2.3231,1.7497,1.8679,1.6662,1.8762,0 
9.4004,-0.4365,1.3904,2.9673,2.2591,2.6289,3.0379,1.5448,0 
8.1626,-0.3055,3.0206,2.1076,2.2799,1.7454,2.0454,1.7923,0 
8.2651,-1.1893,2.654,3.3074,-0.7804,4.1278,3.5504,3.7524,0 
7.956,1.031,1.6819,3.1374,2.0202,1.4531,0.7236,3.0392,0 
7.036,0.5211,3.7402,1.2312,0.8719,2.9496,0.9425,1.8022,0 
5.9675,0.3826,2.2192,2.9581,1.6305,2.4099,2.4882,0.8351,0 
8.3944,-0.4169,2.155,3.462,3.0394,1.1631,3.3762,2.4927,0 
9.5195,0.5135,2.079,1.3083,1.9593,2.0043,0.7938,1.2084,0 
8.3984,0.509,1.1664,1.2579,3.6043,0.4858,1.0565,2.8644,0 
8.5013,0.6967,2.2601,2.3887,0.5965,2.3192,0.9853,3.8917,0 
7.6884,-0.7306,1.4391,2.4668,0.9526,1.7798,3.9129,0.7154,0 
8.0081,-0.7238,0.3316,1.7806,0.6834,2.2743,1.0243,2.2614,0 
7.6761,0.0427,1.7464,3.594,1.0149,1.9692,2.1616,2.2892,0 
9.0212,-0.328,1.8662,1.8603,0.9001,2.568,1.9923,0.5908,0 
7.3726,0.4121,1.646,-0.0002,0.0574,2.0417,3.9222,2.9715,0 
6.5938,-0.332,3.0738,1.1193,0.7312,0.7552,2.3185,1.3526,0 
7.2457,0.6195,3.0828,3.0339,1.7543,1.7168,1.3557,0.7147,0 
9.6428,0.8936,0.6158,0.9211,1.0482,2.4664,1.8238,0.3763,0 
7.0439,0.3123,1.761,-0.2661,1.5626,1.0607,1.2739,1.5293,0 
6.7105,0.8541,3.3001,3.9119,2.2288,3.4262,3.1154,2.4268,0 
9.8159,0.0238,2.6011,1.8497,2.8258,2.4175,2.6173,1.8899,0 
7.1743,0.7982,1.0825,2.6161,2.5906,1.0885,2.6083,1.0261,0 
7.7959,-0.4126,0.1073,2.8946,2.9438,2.3489,1.6688,3.0211,0 
7.6488,0.6513,3.6864,0.9207,1.8857,2.629,2.1202,1.7231,0 
9.1758,0.3283,0.8267,1.694,2.0779,2.5561,1.7206,2.8491,0 
7.2496,0.081,1.5044,1.6186,1.5007,4.6995,1.3509,2.1075,0 
9.1904,0.0513,2.1341,2.8515,4.7748,3.196,2.8421,3.7795,0 
7.41,0.2039,1.9913,3.63,3.0856,2.4164,2.0604,-0.225,0 
7.2831,2.2853,2.4017,0.6719,2.5319,1.8653,3.7408,1.4698,0 
8.817,0.4055,2.056,0.8242,2.1294,2.1414,2.8745,2.6709,0 
6.7172,-1.8123,2.1444,1.9861,2.3675,3.3579,1.2654,3.9977,0 
8.3698,0.5742,1.6508,1.4148,1.7545,2.1594,2.9443,2.0369,0 
8.9174,0.3758,3.4716,0.695,1.6459,2.3344,0.7039,1.1263,0 
8.3701,-0.2146,1.5408,3.0934,1.753,3.5638,1.5882,2.5098,0 
6.8621,0.0955,1.07,1.93,1.5954,0.8843,1.4779,0.3293,0 
9.032,-0.0845,2.4924,2.2839,2.7531,2.6239,4.1267,2.6891,0 
6.7361,1.2174,1.752,0.5479,0.8007,3.4583,0.6417,1.074,0 
8.0808,-0.3628,2.7826,-0.1698,2.2084,2.1481,2.0355,0.3779,0 
10.6221,-0.0742,2.2602,1.8276,0.1209,-0.4334,2.215,0.7486,0 
5.7239,1.0637,2.1098,1.2236,2.3372,1.9234,1.291,1.1883,0 
8.7477,1.9324,1.4174,2.8252,2.1368,1.8589,2.091,1.3121,0 
8.5859,-0.8482,3.1392,1.868,1.9395,1.5934,5.0356,1.9178,0 
8.1544,-0.579,0.7749,1.4899,3.6834,2.9729,1.0296,2.6895,0 
11.7851,0.2574,2.253,2.9407,2.7098,2.5657,2.0685,3.2045,0 
6.9509,-0.7982,2.5518,1.0015,2.1751,2.9322,3.3566,1.0111,0 
8.843,-1.0983,1.7218,1.8045,2.63,2.3808,1.0862,3.0008,0 
8.691,0.5761,1.4239,3.3554,2.3509,3.2374,2.6803,1.9551,0 
8.5193,-1.5883,1.5692,3.5235,2.065,2.7649,2.0355,1.4049,0 
9.2765,0.0354,0.9791,1.6712,3.0745,1.4769,2.556,3.674,0 
8.2196,-2.5125,2.8308,3.0779,2.1766,1.3216,1.4541,4.0181,0 
6.6128,-2.0364,2.2189,-0.1022,2.9383,2.7315,3.225,3.177,0 
7.1145,2.4865,4.3709,3.1323,0.778,1.9178,3.3075,1.2981,0 
8.3952,0.2057,2.1386,2.378,1.2837,0.7496,3.3764,2.8961,0 
7.7267,1.1243,1.3728,-0.2692,2.7212,2.63,3.1778,4.0119,0 
7.4317,-0.097,2.1184,0.5515,1.0825,-0.2563,2.0854,1.9255,0 
7.7105,-1.307,1.9033,2.5609,3.688,2.0292,3.041,0.0333,0 
8.2828,0.4959,2.2731,1.0287,0.0356,3.0265,2.669,3.6323,0 
8.9086,1.5124,1.0575,2.667,1.3733,1.9473,2.5696,1.8382,0 
9.6245,-0.5492,1.2311,2.25,2.0272,1.639,1.6067,1.3193,0 
8.051,-0.1891,1.8876,3.2143,1.3484,2.8218,2.1459,1.3618,0 
9.6202,-0.3415,1.6847,1.3375,3.0411,-0.1954,2.2333,1.0563,0 
7.5211,0.1858,3.4672,1.2933,2.3128,2.7363,1.862,3.6768,0 
6.8427,-1.4549,2.4979,1.6133,1.7445,2.2453,2.6129,0.6401,0 
6.7955,0.1351,3.4596,3.2328,2.9621,2.7952,2.8383,1.5707,0 
9.0002,0.1762,0.2529,2.1149,1.8988,1.4602,1.4437,1.8727,0 
8.1807,0.6014,1.0391,2.2184,1.071,3.0148,2.8736,1.2904,0 
8.3886,-0.7427,0.8263,2.281,2.2732,0.9828,1.8763,-0.2725,0 
8.0742,-1.9076,0.9903,2.2952,1.3489,2.4268,2.355,2.4787,0 
8.6305,0.2596,1.7723,2.2436,2.5761,2.873,1.6903,2.2806,0 
8.4784,-1.3672,3.0162,3.2488,2.6979,3.5078,1.8512,3.0864,0 
8.1791,0.0567,1.9376,2.7271,0.8845,1.591,1.6676,3.5801,0 
8.3458,-0.6832,0.7593,2.9744,2.2453,0.4593,1.4073,1.018,0 
9.9491,1.9717,3.3303,2.0641,0.3704,1.7442,2.4046,2.5738,0 
8.8468,-0.7512,1.2091,2.1139,1.3129,1.9137,2.7612,1.8379,0 
7.9043,-2.056,1.0467,2.329,2.0538,2.4882,1.2766,1.3847,0 
9.8101,0.0323,1.5129,2.2265,0.668,1.4548,2.4013,0.9281,0 
9.2631,0.5957,2.065,1.27,3.355,4.0223,0.2726,2.0245,0 
7.2611,0.2594,3.7014,1.7384,2.8255,3.2087,2.8124,3.2251,0 
8.2032,0.4208,1.1781,1.6308,1.5155,1.9246,1.7895,1.8707,0 
11.0038,1.7082,1.4741,1.3646,1.5796,2.9583,2.3468,2.6676,0 
10.505,-0.7176,2.5254,2.819,0.6769,1.888,2.3282,2.1653,0 
9.1793,-0.671,2.9972,2.1551,0.1698,1.495,2.1033,1.6849,0 
8.6818,-0.568,-0.1491,2.3488,1.9722,2.7567,1.5554,2.5459,0 
8.0313,-1.0526,2.1319,2.0328,-0.4878,2.5809,2.0238,1.3592,0 
8.0705,1.327,0.9695,1.3748,1.6689,2.2663,2.0386,2.5208,0 
7.8844,0.727,2.3838,3.6016,2.1336,1.8378,1.7587,1.3358,0 
8.1764,-0.5813,2.2316,1.7429,2.3276,1.3311,-0.6178,2.277,0 
7.8706,-0.7437,1.7665,2.2828,1.4362,3.075,2.2548,2.5303,0 
7.3359,-0.6236,1.8909,3.2678,1.2114,0.4931,1.3185,1.9997,0 
9.6925,0.3468,1.6764,1.9011,1.5229,2.5136,1.8998,0.1521,0 
8.682,1.1526,-0.3564,2.7898,2.3394,3.0351,1.4119,2.2772,0 
6.9607,-1.1187,0.7291,1.8482,2.8311,3.263,2.4371,3.4149,0 
9.5321,0.4237,2.8129,1.6082,-0.0236,2.6413,2.4412,2.0881,0 
6.8322,2.1013,1.8721,1.5013,1.2399,0.9419,2.3814,2.1015,0 
8.2548,-0.1773,2.4601,3.4793,0.9728,1.9126,3.3121,1.1288,0 
7.2471,0.2369,2.8792,3.4978,1.3049,3.5286,2.3072,2.7513,0 
6.4086,1.692,4.8747,1.6171,1.3093,2.5771,1.7123,0.1023,0 
7.6749,0.4337,3.0031,1.5274,1.766,2.362,2.4693,2.4291,0 
8.6208,-0.3437,2.8689,3.9101,1.362,1.761,2.7793,2.1803,0 
8.574,-0.4133,-0.0329,2.8223,2.1045,4.5364,2.0075,2.2747,0 
8.3431,0.1265,0.5052,0.3534,1.3321,1.6642,2.0256,2.0414,0 
7.6894,-0.4678,1.9162,-0.9471,-0.2531,1.1619,2.5145,2.0895,0 
8.4127,0.0952,3.1471,3.1885,1.1937,2.4026,1.8385,1.748,0 
7.4253,1.4794,3.9573,3.4921,2.2798,1.8404,1.6141,1.8566,0 
8.3569,0.1519,2.6652,3.2049,2.4178,3.0499,0.7126,2.2759,0 
8.5823,0.4973,1.4196,2.8211,3.5426,2.1117,2.659,2.9698,0 
8.4574,1.5155,3.5115,1.7727,3.0388,1.1409,2.4548,4.1,0 
8.0645,0.1696,-0.2352,2.84,2.5653,1.8225,2.5738,2.5157,0 
7.6822,-0.4468,2.9565,2.3313,1.1992,1.8303,2.2573,1.6168,0 
8.3598,0.0093,1.4901,2.1693,1.6618,2.4237,3.3258,2.7239,0 
7.188,0.7869,0.4617,2.6813,0.607,0.9944,0.9469,0.5885,0 
9.1648,0.2742,2.0946,0.017,1.5281,3.5619,3.0893,1.5944,0 
8.446,0.9727,1.9883,1.6791,1.2445,0.6609,3.5641,0.1885,0 
8.2141,-0.4284,3.3417,1.0438,2.0979,2.1019,1.2551,1.2164,0 
7.6793,-1.3715,4.056,2.8502,2.8599,2.4924,0.4059,2.9393,0 
8.7852,-0.2844,1.8569,2.6981,3.9227,2.279,0.9003,1.5316,0 
8.6837,-0.5616,2.7772,1.1193,2.3317,1.4838,0.7152,3.4298,0 
6.1705,-1.6199,3.8183,1.8749,3.7361,3.1024,2.5937,1.4351,0 
8.2066,-0.2708,2.6204,3.1143,1.839,2.6005,2.4761,1.9463,0 
7.6136,0.5165,1.0174,1.4208,1.492,2.0206,1.0205,0.8332,0 
7.0145,-1.1769,3.3052,1.9438,2.6749,1.3555,1.4227,2.9449,0 
7.0801,0.2394,1.0374,2.6927,2.481,1.6296,2.7262,2.6457,0 
7.4381,0.7571,1.5832,1.7733,2.6564,1.6889,1.5277,3.3767,0 
7.9642,0.3288,2.3144,2.7168,2.8522,3.5135,1.3843,2.9969,0 
8.1068,-0.797,2.8659,3.4418,2.2639,3.4014,2.4974,-0.4187,0 
6.3522,0.4206,0.8386,0.0023,2.7897,3.2449,1.5874,2.5034,0 
9.5943,0.3024,3.7054,2.8286,2.3815,0.0549,2.7796,2.272,0 
7.5454,-0.6936,1.1962,2.3023,1.4822,0.3031,1.2473,0.7418,0 
7.1927,0.9674,0.8611,1.532,2.2145,1.6946,1.4001,3.1085,0 
6.9599,0.371,1.8824,2.0127,0.7584,2.1934,-0.26,2.5154,0 
7.1136,-0.8257,2.4664,1.3273,3.2767,3.0556,2.08,4.7233,0 
8.072,-0.0907,3.7683,2.8364,0.9851,1.2981,0.6958,3.2693,0 
8.6018,-0.498,-1.2838,3.7547,2.0576,1.626,3.4067,2.4261,0 
8.1555,1.8338,1.4048,1.7117,1.5581,0.2092,1.3921,3.1403,0 
8.4078,0.319,1.4457,0.4645,2.1403,1.6956,1.8574,3.1451,0 
9.235,0.6044,3.3259,2.5914,3.3194,2.6319,0.4875,0.6821,0 
8.9086,-0.4542,2.2259,2.2237,2.7285,2.1948,3.2899,1.7609,0 
6.7312,0.6943,2.6553,3.3668,1.9174,1.3806,2.4717,1.0962,0 
9.071,0.0842,1.2886,2.5107,4.1382,2.2117,2.5428,3.4269,0 
8.6353,0.1007,2.558,1.3869,0.2365,1.8405,2.5428,3.8827,0 
7.9629,-0.3394,0.9455,0.9769,1.0992,1.6102,2.4974,1.3861,0 
8.2619,-0.3113,2.7545,2.2075,1.9121,1.1488,2.738,2.8625,0 
7.9062,0.2805,3.2543,3.6848,2.5309,2.0287,1.9914,2.6877,0 
7.0152,-0.8635,1.8208,2.3801,1.62,3.2263,3.0761,3.6802,0 
10.5087,1.022,2.6666,2.1538,0.5049,1.9399,3.4085,0.9695,0 
8.9567,-1.311,4.3102,4.2289,2.2443,1.0262,0.7169,0.0754,0 
8.6787,0.1269,2.555,2.5043,3.5212,1.2584,2.9658,3.4831,0 
7.7642,0.6582,1.4522,1.8697,2.8298,2.3343,1.5664,0.897,0 
8.6078,-0.9166,2.1765,1.1198,1.108,2.7462,2.8799,1.6953,0 
8.8492,-1.7639,3.6825,0.8751,3.9205,1.7185,0.9841,2.3881,0 
8.2814,1.8046,4.6248,2.8455,1.7732,2.859,1.5107,1.246,0 
9.0796,2.3488,0.9967,0.5875,0.8974,3.2396,-0.0402,2.2122,0 
8.098,1.0599,1.9303,0.997,1.1001,1.9146,-0.1159,2.9022,0 
5.4496,-0.2069,1.0191,1.1822,3.2669,2.0958,2.2271,2.7783,0 
7.8,-0.6827,2.1538,2.8153,2.3932,0.4541,2.1901,1.268,0 
6.4686,1.4366,1.1411,2.8746,0.7722,0.8422,0.7554,0.9575,0 
8.283,1.393,2.2618,1.4318,3.3284,2.5983,1.047,2.9005,0 
8.7616,-1.2838,1.3593,2.251,1.9355,1.7556,2.7539,1.8956,0 
9.826,-1.3056,1.9651,4.1362,0.9942,1.4662,1.5267,1.7772,0 
8.2001,-0.5109,2.5995,2.8772,1.6893,2.3628,2.7048,2.1639,0 
7.8768,-1.7457,0.4734,-0.3586,2.3893,1.4717,3.6925,1.5739,0 
8.7206,0.5216,1.2835,2.2931,2.7044,1.7294,1.2948,2.8674,0 
6.574,-0.8937,0.9033,1.9891,2.9989,0.1924,2.3906,1.826,0 
8.8939,0.2421,1.8521,1.355,0.6096,-1.0787,1.5285,2.8459,0 
7.3693,1.6792,0.9171,1.1052,1.814,2.6444,2.247,0.5577,0 
8.7359,1.2201,2.0773,2.0886,-0.2866,1.6187,1.851,3.2423,0 
8.3783,-1.3504,2.079,2.9334,2.1839,0.6165,2.6632,3.1017,0 
7.1827,1.4346,2.0198,3.4512,3.3557,3.3588,1.4564,1.8316,0 
9.543,-0.2296,0.8904,2.6144,2.1718,1.5212,2.9675,1.0799,0 
9.0569,2.1276,1.0452,3.1223,3.231,3.549,1.1812,2.345,0 
7.1879,-0.5618,1.6696,2.0221,2.4107,2.7805,3.4306,4.6773,0 
9.3511,-0.71,2.5576,3.6922,2.9754,1.3244,1.5869,2.037,0 
9.2303,-1.4981,2.4597,3.2959,3.3406,-0.176,1.9932,3.6101,0 
8.6111,0.0911,0.2631,2.7125,2.08,4.1442,2.6037,1.064,0 
7.7534,-1.3319,4.7007,3.2536,2.7124,3.0603,2.3537,0.7961,0 
9.3753,0.8046,1.1942,3.4832,2.4493,2.0801,3.1481,3.2113,0 
7.1585,1.0926,2.5031,1.5445,2.574,4.3472,1.663,1.8017,0 
7.6854,-1.2908,2.6838,-0.1578,2.1963,2.1868,2.4664,2.543,0 
6.6389,0.3279,0.9891,1.0416,0.1535,3.9875,1.723,0.7155,0 
8.4436,-1.4708,1.7824,0.1914,1.9296,2.7594,2.8162,2.9261,0 
6.6921,-0.0519,2.4746,1.6558,4.3903,1.8085,3.2887,1.653,0 
7.5303,-0.4386,0.5142,2.1496,4.8912,1.646,0.5296,0.7599,0 
7.3601,0.149,3.4072,2.3779,0.3402,3.6185,2.643,1.3446,0 
9.0862,0.9804,3.3764,4.2085,2.8268,1.6924,0.9898,2.0266,0 
9.2536,1.3403,2.3482,2.1463,2.0936,0.2539,3.2472,2.3338,0 
8.5252,0.8509,1.5683,1.3639,1.2992,2.5812,2.5994,1.7516,0 
8.0081,1.5073,2.6928,3.2214,0.8081,2.3788,3.4667,2.5743,0 
6.9034,2.3193,0.9206,3.7049,2.1112,3.1636,1.2623,2.4014,0 
7.681,0.3403,2.3936,2.5651,2.1795,3.1208,1.9122,2.2072,0 
7.778,-0.1091,0.2749,1.3407,2.1575,1.3815,1.1747,2.877,0 
6.2975,-1.0279,2.2867,2.5504,1.6439,1.0429,2.546,1.5631,0 
7.0943,-0.5296,2.3899,1.7364,3.5416,1.1142,1.6295,-0.1943,0 
9.2623,0.8272,2.353,2.5681,1.8195,1.5788,1.3607,1.8604,0 
8.5528,-0.5521,1.5742,3.0993,0.855,2.489,1.5185,1.0556,0 
8.7381,-0.3235,0.8426,2.1546,2.7878,1.7296,2.4044,2.497,0 
8.5523,-0.9283,2.7589,4.1278,3.3077,1.5732,0.5756,1.476,0 
7.1421,0.5195,1.9852,1.8196,3.0023,0.7708,2.4176,2.2197,0 
8.6341,0.8858,3.6506,1.6622,1.2691,1.2644,1.552,1.5553,0 
8.2377,-0.308,2.7402,1.7926,2.6708,3.4144,3.4802,0.8537,0 
8.0226,0.1306,3.3778,0.7447,2.1639,2.5199,0.7245,4.4337,0 
8.2743,-0.0289,1.1357,2.4384,1.7911,2.7965,2.515,2.603,0 
9.3733,-0.7927,0.9752,2.085,3.7282,1.4189,0.9549,1.8397,0 
8.1171,-1.3013,0.8758,3.4201,1.0755,2.6332,1.8042,2.1251,0 
9.3272,-0.0655,0.6744,0.4695,-0.0351,2.4885,2.1493,1.6778,0 
7.184,-1.691,4.2637,0.9853,2.5732,3.4684,1.8383,2.1393,0 
7.7347,-0.7463,1.3601,2.6711,2.5803,3.7854,4.9466,1.3684,0 
8.8613,1.1365,0.8524,3.5226,1.8294,0.8447,1.7347,2.9722,0 
5.0205,-0.6671,2.2414,0.7976,1.814,2.29,1.9576,1.4145,0 
7.7695,-0.5682,2.1411,0.7557,1.8585,3.4087,3.2214,1.0405,0 
7.7436,0.1498,3.139,2.2802,2.4322,0.8965,2.2172,3.4124,0 
6.9454,-0.4179,3.4271,1.5998,1.7146,2.9703,2.8139,2.4082,0 
7.2471,0.9375,2.632,1.8032,5.0082,2.4465,2.189,2.6164,0 
7.3386,-1.1068,1.0177,1.7699,0.7441,2.6232,2.5984,1.5145,0 
7.7736,1.3041,-0.3392,1.9009,0.8806,1.0326,0.076,1.7997,0 
7.557,-2.2202,1.6672,1.3045,1.6669,2.1121,2.0859,1.0072,0 
5.683,1.5155,2.1293,1.1282,2.4258,1.557,3.1348,1.4777,0 
7.4215,1.3403,1.6554,1.2605,2.1899,1.8334,2.3499,0.8954,0 
10.1332,1.385,2.0168,3.2387,2.3283,0.8078,1.726,-0.6934,0 
9.4798,1.0337,0.2662,2.7861,2.4609,3.7189,1.9452,2.4283,0 
7.4672,-0.4564,3.7609,0.9133,2.359,2.4611,2.2675,2.2195,0 
9.0598,0.4065,1.4589,2.191,0.793,2.5696,1.5894,2.8602,0 
7.035,1.8448,1.6675,3.9466,3.7584,1.0354,3.3457,1.0362,0 
8.4238,0.9062,1.3757,3.7781,0.6316,2.3518,2.1012,1.8294,0 
8.0656,0.3622,2.3864,2.0355,2.5527,0.6761,2.8131,0.2765,0 
9.0191,-0.0459,1.1455,2.1771,1.3679,0.9731,2.2438,-0.3965,0 
7.2153,0.64,2.5703,3.8551,4.218,2.1526,4.8683,0.5582,0 
8.326,0.0009,0.9606,1.8922,2.1444,1.171,3.5606,1.8658,0 
9.3568,-1.1507,1.897,-0.1563,1.3815,1.449,1.9968,2.5703,0 
7.8738,0.3496,2.994,3.3847,2.3939,0.6026,1.9673,1.1897,0 
8.5466,-0.8036,0.9524,1.9271,2.2926,1.8405,3.2133,1.7896,0 
7.1465,0.0185,1.7015,2.5452,2.2843,1.9625,1.196,1.8286,0 
8.029,-0.24,2.6505,1.1746,2.4975,0.6877,3.112,0.9476,0 
7.6865,-0.3388,1.8935,-0.3353,1.5157,2.5787,1.6955,3.5648,0 
8.7055,0.575,0.8095,2.2016,-0.2524,3.724,3.6153,1.5527,0 
8.6762,-1.0184,2.1438,1.9238,1.2811,2.0035,3.4336,1.3267,0 
7.6021,0.1058,2.1659,1.6961,2.672,3.3137,1.4226,2.4891,0 
6.7016,-0.8465,2.5925,1.1701,-0.4222,0.375,2.0992,0.428,0 
8.9252,0.7171,1.891,2.0451,1.4664,2.7618,0.7764,3.9986,0 
7.9558,0.7807,0.1567,2.4834,0.2034,0.602,0.8901,2.6319,0 
7.1037,0.3176,2.069,2.882,3.8828,2.1135,1.1379,0.6633,0 
7.0463,0.8112,1.2486,1.7458,1.6532,2.9269,3.0027,3.0501,0 
7.3917,-0.7645,1.3228,0.6751,3.3201,3.9765,2.4144,1.9528,0 
8.8026,-0.3995,0.5486,0.6343,2.3,3.3733,1.4853,0.9983,0 
7.1306,-0.9956,3.891,0.2465,0.8959,2.4439,2.3315,4.1145,0 
7.9186,1.3025,-0.059,2.9653,1.8551,1.8056,2.0034,4.4606,0 
7.4468,0.0417,1.6946,3.2235,1.6001,4.5042,2.8347,1.8996,0 
7.7263,1.0483,1.5014,3.2224,2.6961,2.1709,1.4395,1.6153,0 
8.272,-0.0723,2.0847,1.8085,5.1887,2.2443,1.8715,2.507,0 
7.3956,0.7894,1.9411,3.5632,0.4174,1.9507,2.8889,1.5029,0 
8.8924,-0.4592,1.5529,1.1703,2.2744,0.5125,3.1903,2.5128,0 
8.3627,-0.505,0.7772,0.8451,0.4767,1.3852,0.8214,0.6542,0 
7.4806,-0.9916,1.4238,1.754,1.3309,2.1026,2.2528,2.0847,0 
7.6386,-1.3142,2.1523,1.8873,1.2539,2.505,2.7346,2.6459,0 
8.7285,0.2769,1.0485,0.5246,3.9602,2.2795,2.2827,1.7934,0 
7.1238,-0.2756,-0.6949,1.9955,2.5563,2.8606,1.9716,1.1679,0 
9.263,0.6604,1.5039,1.6642,0.1738,1.5631,2.1,2.316,0 
7.1699,-0.6872,4.6015,0.8608,5.1764,1.0724,2.4861,1.5582,0 
8.9097,0.7034,2.3887,0.8929,1.8433,0.6898,2.2315,3.2483,0 
11.2046,0.1711,3.2541,3.9195,2.0799,1.5605,3.0824,1.8211,0 
8.5415,-0.9308,2.33,5.0233,1.7764,2.0835,1.6336,1.4956,0 
6.7753,-0.2197,5.0559,1.9987,2.4982,1.2808,2.6259,0.7351,0 
8.5038,-1.3114,2.4594,1.2553,2.0086,2.401,0.9386,1.1936,0 
7.539,-1.8672,0.6987,1.4213,1.7281,2.0028,2.2853,1.8266,0 
8.5991,1.7161,2.1281,0.3251,1.0171,1.4956,1.7364,-0.071,0 
8.9748,1.9946,1.6825,2.7385,2.7872,3.5126,2.1737,2.7975,0 
8.6681,-0.594,1.502,2.8816,1.8493,2.4525,2.8127,2.0489,0 
8.8206,0.2262,2.8348,3.4795,3.3136,2.6379,1.8575,0.8749,0 
5.8637,-1.2019,2.5271,1.9269,1.3223,2.1433,1.5316,0.3748,0 
7.5603,0.084,1.2384,2.5935,1.9788,2.8943,1.3002,1.6454,0 
7.0279,-0.3785,1.238,0.9847,4.7427,0.5803,2.4731,1.6588,0 
7.7844,-0.3636,1.978,0.8152,2.8693,3.5071,1.072,2.29,0 
* 
0.971,7.3843,3.9398,1.4202,1.347,2.8192,3.3939,1.376,0 
-2.1277,8.8323,1.2708,1.0178,2.5684,0.8001,1.8601,1.077,0 
-0.6933,6.2125,2.0052,1.9178,3.4855,1.7341,2.1151,3.3175,0 
1.1551,7.8496,1.6527,0.4562,3.8731,3.1335,-0.1774,2.201,0 
-0.3042,7.2859,0.9717,0.5959,-1.1279,2.3497,1.667,3.1941,0 
-0.7165,6.9951,1.9759,3.45,2.4949,2.4195,1.1546,2.1193,0 
-1.8824,7.2287,1.2745,0.4731,2.8262,1.9147,0.3319,2.4171,0 
-0.6573,7.6365,1.1334,0.8011,1.5714,1.3987,1.1847,3.1998,0 
-1.225,8.6234,2.2594,1.4758,2.2762,1.4739,2.8334,3.0386,0 
-1.7676,7.8118,3.534,3.5478,1.8649,2.0011,2.3868,3.7129,0 
-0.0439,8.7624,0.2057,-0.8079,2.3362,3.9886,1.9295,1.5987,0 
1.6557,6.7566,0.4608,0.4487,1.0951,2.0812,1.2296,1.8047,0 
0.3253,7.2742,0.3597,0.7152,1.4343,0.9478,2.0505,1.3716,0 
-0.8462,7.6195,1.1355,1.6097,2.1966,1.8914,2.7702,0.9619,0 
0.4325,7.9082,0.2315,2.3983,1.3867,0.3364,2.6364,1.3646,0 
-1.3909,8.7988,1.3556,1.8787,3.5167,3.3127,2.657,1.8604,0 
-1.4553,8.8988,2.3699,1.6348,2.3601,1.8683,4.0407,2.113,0 
-0.4664,9.3862,0.5342,1.183,0.8635,2.9566,2.3062,2.3791,0 
0.1559,8.8724,2.2037,3.5788,1.4743,1.7017,4.2965,2.7919,0 
1.3856,6.9773,1.8952,1.3166,2.5156,2.5003,0.3294,2.3328,0 
-1.158,7.1059,1.2833,3.5179,4.2489,0.5886,1.4081,2.6817,0 
1.3367,7.3013,1.0765,3.6555,1.0688,1.4812,1.2148,2.1912,0 
-0.1478,7.5546,3.2369,1.6419,2.2879,3.4011,0.8735,0.9565,0 
-1.7364,8.2561,1.5311,2.0395,1.742,2.5491,1.6899,2.9032,0 
0.0512,10.0791,3.0284,1.9241,2.6809,3.6175,4.1034,0.5933,0 
-0.6077,5.9481,1.1495,2.64,1.7985,3.4018,1.7621,1.4302,0 
1.0341,9.7861,1.0963,1.584,1.4851,1.021,3.2344,0.0672,0 
0.465,9.5416,1.4441,1.8777,1.5387,0.8806,1.0094,2.4102,0 
0.4558,8.8933,3.6719,2.6745,3.3895,1.8461,1.3143,1.1536,0 
-0.7426,7.5589,0.4135,2.5728,2.6247,3.2138,3.1258,1.9247,0 
1.7749,7.8722,1.2305,0.0612,2.3665,2.6126,1.1042,3.6599,0 
-1.364,6.3589,0.9867,1.9954,3.9549,3.2189,2.5165,2.715,0 
-0.0114,7.8624,0.4681,1.3104,2.2349,2.6822,2.6524,1.2725,0 
-0.1933,8.9671,2.282,2.5014,1.0632,3.2348,2.0273,2.4516,0 
-1.7164,6.6333,1.6278,2.82,2.0379,2.811,2.6242,1.9403,0 
-1.2081,9.0587,0.745,1.8328,2.6179,3.6643,3.0794,1.3532,0 
0.3874,7.4265,0.6974,3.1301,1.016,0.3707,1.4958,0.4824,0 
0.5495,8.7758,1.4536,3.9139,1.5747,2.834,3.4082,1.6059,0 
1.0855,7.7822,2.0584,0.164,1.9981,0.8465,2.0909,2.5586,0 
-1.0839,7.5205,2.5401,3.0627,0.35,2.5106,2.0562,2.4922,0 
-0.2366,8.6775,1.2751,1.1399,1.992,-0.4219,3.9761,1.8652,0 
0.6122,8.991,1.5846,2.8167,1.0308,2.5044,2.134,-0.0815,0 
-2.1157,8.009,0.6157,2.2941,1.7782,1.4301,1.4886,2.2111,0 
-0.2746,5.9897,1.7193,2.9226,4.2173,0.6209,4.0729,2.399,0 
-2.0669,8.8216,-0.073,2.3226,3.0254,1.2741,1.1701,1.4577,0 
-1.7503,9.2518,1.9607,1.3195,1.1319,2.1189,1.7808,2.3992,0 
-1.0362,7.8884,2.1438,2.189,0.6422,1.6503,1.5608,2.469,0 
1.073,9.2159,2.4599,2.5911,1.7127,1.7786,1.7544,1.4654,0 
0.6705,8.2006,2.258,1.6542,1.0789,2.6439,2.1887,1.8571,0 
1.0194,6.8809,3.0293,0.4777,2.1542,2.9531,1.9622,2.396,0 
0.6484,8.7317,2.0342,1.8707,1.5652,3.7382,2.7715,2.1165,0 
-0.7648,8.9018,1.1262,2.4304,0.9229,0.4355,3.8138,2.6625,0 
1.5891,8.613,2.1141,1.9088,2.6735,1.4806,2.722,1.1655,0 
0.0296,8.0413,1.9403,2.0821,0.6818,2.8208,0.7706,3.6257,0 
-0.4493,9.3504,3.7374,1.5313,2.8746,-0.0366,5.4952,2.1561,0 
0.8091,9.2338,1.2532,2.6241,0.6552,3.1711,1.7431,1.6636,0 
0.4315,8.0381,2.7908,3.0371,0.6047,1.9082,2.3545,1.6551,0 
-1.6547,9.3815,2.6783,2.6671,1.41,2.4957,2.1979,2.3381,0 
0.2556,8.7591,1.1036,2.13,1.7344,0.8785,0.9714,2.0369,0 
-1.8482,6.7358,1.7282,1.7659,2.1377,1.5003,1.3283,2.645,0 
-0.3948,8.1691,2.1225,3.4196,1.4458,2.2908,1.1823,2.2367,0 
-0.6359,8.1934,3.9886,1.6337,0.9947,1.426,1.8701,2.468,0 
1.3952,8.307,3.4058,1.7211,1.6338,0.4349,2.6298,0.8698,0 
0.6773,7.7957,2.3138,1.1578,0.3684,1.1111,2.0122,0.8603,0 
-1.0011,7.464,1.3803,0.7651,4.1483,0.9411,1.5669,0.5677,0 
1.7136,6.5562,2.0755,4.281,2.0831,0.628,1.1458,3.2514,0 
-0.937,7.1387,1.8905,2.0957,3.0254,1.1107,2.264,2.8223,0 
-0.564,9.2204,0.7946,0.8588,0.4934,0.6385,1.7919,2.2026,0 
-2.1621,7.7846,2.9124,3.322,1.8164,1.2423,2.4089,2.9992,0 
-0.3683,8.8901,1.8999,1.9031,0.6431,1.6248,1.5635,3.2923,0 
0.4934,8.1549,1.5855,0.3223,1.0664,1.5356,0.7598,1.9121,0 
1.5863,7.4851,0.5301,0.5146,1.6566,0.9186,1.3117,3.3892,0 
0.3412,8.8695,1.324,3.1284,2.2003,0.8137,1.7094,2.4564,0 
-1.8868,7.7796,1.955,2.2754,2.1707,2.5131,1.8706,0.4608,0 
0.3242,7.7245,3.0063,1.7093,0.2203,1.7439,-0.0954,2.9024,0 
-0.4039,8.631,1.4179,2.6602,1.3964,2.1798,0.4653,3.3855,0 
0.793,8.0719,2.8227,1.5711,1.5315,2.8495,3.1662,2.1688,0 
-0.588,8.1929,2.3529,1.3548,1.6123,0.1996,1.4247,0.7163,0 
2.4916,7.0062,4.8355,2.2919,3.1195,2.1925,2.4292,2.3017,0 
0.0984,7.4501,4.1624,0.6021,2.0339,1.6856,1.3594,0.3941,0 
-2.3115,8.1351,4.5952,1.9343,3.2796,1.3333,0.921,1.9621,0 
-0.2281,8.1047,1.9763,2.4264,2.4711,3.2818,0.8308,3.9858,0 
0.2624,9.5742,2.0305,1.5961,-0.369,1.3653,4.1393,0.7826,0 
-0.9738,7.5307,2.6667,3.2465,2.0727,3.2751,1.5446,2.8512,0 
-0.12,10.1389,1.6741,2.5777,1.6155,1.2622,3.7072,-0.2112,0 
-0.6764,7.9072,1.7818,2.5636,1.4926,1.0834,1.7135,2.1121,0 
0.1239,8.5147,2.0155,1.6147,2.3869,0.8797,2.0969,1.2957,0 
-0.1072,8.779,0.6754,1.2555,2.403,1.1404,-0.4162,3.6575,0 
-1.0873,6.1911,1.2363,2.1301,2.6938,1.7793,1.5686,2.1597,0 
0.0138,7.4649,0.8406,2.7309,0.3534,2.1699,1.7765,3.7771,0 
0.5008,7.6899,2.8171,2.36,2.4079,2.4853,2.1337,3.703,0 
0.5022,7.6845,2.8797,2.6839,1.782,1.0662,4.2075,2.7367,0 
0.0018,7.3228,2.5027,0.4632,3.1891,2.9889,1.8306,0.6807,0 
0.7831,9.1193,0.7448,2.2509,2.4775,2.8134,2.253,2.0099,0 
-0.9298,8.0267,0.1021,2.6911,3.1575,2.4619,-0.4056,2.0849,0 
0.4673,8.2459,2.9673,1.8049,1.9419,1.3774,1.8024,2.2079,0 
0.6601,7.9908,1.1108,2.7511,1.4356,1.0297,1.8288,2.8775,0 
-0.5687,8.7758,0.8119,3.6211,2.6908,2.2213,3.7656,3.0196,0 
0.1148,7.1631,1.7916,3.5508,3.2125,1.8932,2.6709,2.4163,0 
-0.2558,7.9002,0.8311,1.1511,3.6264,2.0129,1.5761,0.1307,0 
0.6599,9.2073,2.5388,1.2498,3.1667,0.674,1.1344,3.3211,0 
1.1969,7.7185,-0.2051,2.9349,1.5577,1.8259,3.0659,0.3316,0 
1.0511,7.2652,2.6956,2.5923,2.0154,1.5756,3.1649,2.5627,0 
-0.4587,9.6209,1.5249,1.4138,2.7736,0.8677,1.3503,1.8479,0 
0.2419,7.5869,3.0698,2.0217,3.5119,3.3603,2.3943,0.4331,0 
1.5924,7.0006,2.2013,1.7308,2.045,1.9011,1.9492,1.3926,0 
0.3514,6.4381,1.0439,1.1074,2.545,3.5138,2.9506,0.838,0 
-0.288,8.7169,0.1844,4.5872,2.1573,2.568,3.8181,2.8603,0 
-0.2412,7.7257,1.7938,2.3189,1.0686,2.8587,2.8289,0.4018,0 
-1.4791,8.3486,2.358,1.054,3.4448,1.7488,2.1644,1.8518,0 
1.5137,7.9419,2.7379,-1.0358,1.9608,4.9075,1.928,0.9381,0 
-0.8691,6.2285,2.6303,1.3937,1.4003,1.033,2.4952,2.4011,0 
0.3257,7.6787,2.9944,2.5085,2.3354,3.5704,2.4094,1.6973,0 
-0.2172,7.0919,4.0381,2.221,2.8085,0.2648,2.4782,2.4028,0 
-2.1268,8.7088,2.3273,3.0185,1.6554,2.227,1.3862,1.726,0 
1.1845,8.8112,0.563,1.4879,2.8466,1.4254,3.384,0.1088,0 
0.7958,9.7813,1.8488,3.442,1.3277,1.9354,1.2457,3.6108,0 
2.7079,7.8561,1.5188,1.8655,2.3342,-0.5889,1.5378,4.0191,0 
-0.1085,7.5613,2.035,1.5141,2.3354,2.0298,2.9472,0.1573,0 
-1.107,7.8578,2.2652,2.6494,4.0903,2.3841,3.5107,2.0721,0 
-0.1472,8.5241,1.6382,4.3298,0.2103,0.2132,1.2245,3.6328,0 
-0.3455,6.7625,4.0781,1.0298,1.9156,2.8858,3.3697,2.0835,0 
-1.5096,7.3332,2.5215,1.9382,1.4062,0.5121,0.8196,2.1885,0 
0.6922,7.988,1.2219,1.0269,1.4951,2.164,0.6433,1.5027,0 
0.3232,9.3954,1.8369,0.9467,2.4621,0.645,-0.0863,3.44,0 
0.7295,8.8749,2.3091,0.7253,2.9082,2.2434,2.0823,1.9617,0 
0.6553,6.7922,1.0333,2.6176,2.0211,1.8706,2.2038,3.0767,0 
0.8612,8.7081,2.4573,1.4222,1.3037,1.2348,3.2407,2.4273,0 
0.0412,7.5312,2.0,1.3705,1.815,3.0383,1.7176,4.1129,0 
0.6031,7.4597,3.0733,1.9742,2.8597,3.7662,0.9018,1.6471,0 
-0.8576,6.9805,-0.1497,3.7566,2.2545,2.1407,-0.6418,1.9213,0 
-1.6146,9.8726,2.301,2.0185,2.209,1.9176,2.439,1.0688,0 
1.3477,7.9923,1.9428,1.0325,2.282,1.8428,2.3172,1.7904,0 
-0.2267,8.3329,2.9433,0.8892,1.7643,0.6507,1.7433,0.7671,0 
-0.813,8.5431,0.9855,0.8618,0.9857,2.6518,1.3715,2.85,0 
0.8842,8.0388,3.7038,1.151,2.8402,1.3261,3.1958,3.8742,0 
1.0231,8.9487,1.4564,2.2179,0.9613,2.4978,1.7916,3.4513,0 
0.2527,8.8431,2.2175,1.5808,1.1148,2.9334,2.0439,1.2223,0 
-0.1374,9.2844,1.9587,3.3984,0.0505,3.1278,2.7836,1.4475,0 
0.3708,7.5454,2.6948,0.9229,1.9618,1.0742,1.419,1.8931,0 
-1.406,7.7981,2.8825,2.1673,1.027,1.7853,2.5963,1.9391,0 
0.2152,8.7762,2.5951,1.3558,3.7833,3.3946,2.0027,0.4796,0 
0.1453,7.8078,1.749,1.8805,2.1019,3.1565,3.0414,1.4954,0 
-0.4799,6.8637,3.196,2.7365,3.5677,2.5988,2.8103,2.2633,0 
0.1273,8.5321,2.6418,4.0616,1.8874,2.335,2.3122,1.973,0 
-0.2497,8.9018,2.5479,1.926,4.3035,0.89,3.3183,1.233,0 
-0.4742,7.2377,2.8682,3.0878,1.7047,1.2406,1.3164,1.615,0 
-0.4783,7.1942,2.7696,1.7705,1.9586,2.5396,0.9246,2.734,0 
-0.0593,7.748,0.6782,2.2627,0.2015,1.46,2.5237,0.9757,0 
0.9302,8.9074,1.8849,1.8068,3.3367,0.7967,2.4762,2.1946,0 
-0.1874,7.0857,1.0452,1.4196,2.6362,3.5144,2.3252,3.5023,0 
-0.3457,7.3456,1.1058,2.8826,1.4991,2.5876,2.4944,2.6974,0 
0.9642,8.4999,2.1422,1.7037,1.9721,1.5236,2.305,0.9119,0 
0.1892,7.7523,3.633,1.3037,2.5123,0.8928,2.9593,1.8717,0 
1.2734,9.1828,1.4946,2.6482,1.5477,0.6583,1.0332,3.9106,0 
-1.1883,8.0642,2.9069,3.228,2.4966,2.8895,1.7672,3.1487,0 
-0.9963,7.6237,2.3434,2.0661,2.3219,0.201,2.3048,2.1357,0 
-0.1317,9.1845,2.4265,2.3748,0.2625,0.6161,3.3155,1.6213,0 
-0.8259,7.0974,2.9734,2.1039,1.1417,2.5351,1.5797,1.0463,0 
-0.6508,7.5817,2.4213,1.1763,-0.065,3.7879,1.9389,1.4057,0 
-0.7406,10.2558,1.0181,0.7659,2.0031,0.4434,1.6767,2.5157,0 
0.5327,8.3307,3.0283,1.1643,0.8483,2.0106,2.7922,2.1382,0 
-0.952,8.9503,1.4153,1.6261,3.2246,1.2369,1.5357,2.2466,0 
0.4155,8.7057,1.4271,2.0494,2.562,2.2327,0.8847,2.5559,0 
0.4782,8.5395,1.0273,1.4163,3.6889,3.2449,1.5381,1.5382,0 
0.8266,7.1517,1.3873,1.785,1.0439,2.5686,2.1721,0.1006,0 
-0.6406,9.982,1.3418,2.9781,1.1683,2.7003,2.9726,1.4629,0 
0.5037,7.9632,2.8186,2.2158,1.4184,5.1907,0.8798,2.4126,0 
1.7138,5.6655,0.89,2.0285,1.3092,1.5171,2.2131,2.9804,0 
0.889,9.479,3.0772,1.9704,1.6968,2.3982,2.2733,1.6557,0 
-0.5666,9.2964,2.0019,1.6367,1.5098,0.8872,1.804,2.3334,0 
-1.5173,8.6372,1.8687,1.2097,1.1328,2.209,1.6445,1.2885,0 
0.7984,7.7269,2.4155,1.0659,2.9656,3.0323,4.0471,0.1678,0 
1.2093,7.8154,1.213,3.5362,2.9928,1.7046,3.1556,1.0504,0 
-1.8574,9.5166,2.9686,0.3481,2.9766,3.6708,3.1671,1.8858,0 
0.3465,6.5514,2.7376,2.3667,1.3647,1.4293,3.4825,2.3946,0 
-0.8419,7.3813,3.1174,2.0192,0.8544,1.736,2.5807,3.9217,0 
0.6017,9.1646,1.0764,3.6608,0.0953,2.0801,2.5841,0.7933,0 
0.2868,7.9166,1.8635,2.6478,1.5247,3.9241,2.8125,1.1144,0 
-0.288,8.6011,1.6172,1.6501,3.1111,1.3464,1.9186,3.9655,0 
0.5227,7.9336,1.5779,1.085,2.2778,1.6344,2.1082,2.5348,0 
-0.6702,8.7468,2.3679,1.194,3.2524,1.9368,2.1073,2.749,0 
0.165,10.0895,1.5612,2.197,2.2375,1.9645,0.2344,1.9275,0 
-1.1797,7.4227,3.7743,2.2943,3.0432,2.5643,2.8648,1.1102,0 
1.2918,7.4727,0.3845,2.1098,0.8854,2.6561,2.6072,3.0883,0 
-0.2412,8.8838,2.1518,2.0517,1.2106,3.3202,1.4012,2.472,0 
0.0098,8.0665,2.9664,2.0016,0.0614,1.4429,0.9642,0.8318,0 
-0.2881,8.3239,2.6124,1.9056,2.2945,2.8613,0.7068,0.4862,0 
0.5113,6.9448,2.2144,3.5374,2.9641,2.1336,0.9389,2.9911,0 
1.7346,7.6055,2.6001,1.7731,1.7175,0.81,1.2325,1.363,0 
-0.0643,7.5452,1.9685,2.8231,1.6528,2.497,-0.7951,0.6791,0 
-0.589,8.1824,2.0063,2.9299,2.3453,0.5193,1.8147,1.7504,0 
0.8273,6.913,2.8096,1.9667,1.458,0.8658,1.4454,1.5021,0 
-0.0871,7.4031,1.7414,2.9044,2.7874,2.0257,1.4886,2.3132,0 
-0.6782,8.3798,1.8342,0.2653,4.0252,2.0945,0.7964,2.4291,0 
2.0617,8.8292,1.4191,1.9089,2.2583,2.7406,2.4144,2.1742,0 
-0.3912,7.0704,3.4328,3.0667,1.9729,1.2273,2.154,3.8586,0 
1.2561,9.1557,3.2239,-0.0391,2.2284,2.2145,1.2443,0.6702,0 
-0.8119,6.9398,2.8162,2.5095,2.5407,2.9216,1.5066,2.7978,0 
-0.3823,6.9036,0.926,1.8549,2.3622,2.8359,3.1359,1.4572,0 
0.404,9.4874,3.8024,0.5692,0.6622,2.5921,2.7523,2.0769,0 
-0.4008,8.4907,2.2204,1.0549,2.4403,4.867,0.4331,3.105,0 
1.673,7.8568,1.4161,1.871,1.8858,1.5893,2.1476,2.2824,0 
-0.8733,8.4757,2.3764,2.1534,2.9093,2.3147,1.8291,-0.0681,0 
1.5492,7.7278,1.9628,2.2061,0.5684,2.8136,2.6603,2.2499,0 
-0.0784,7.8608,1.3272,2.9006,3.0931,1.9093,2.5103,4.2389,0 
-0.2942,8.7465,2.1252,1.6903,0.5819,2.3192,1.3763,0.8459,0 
1.2249,9.4319,0.7996,0.4183,2.8893,2.2621,3.7071,3.7686,0 
1.3158,7.4416,0.8021,2.4757,1.9015,1.1626,2.071,1.6533,0 
0.5511,7.8032,2.2774,2.3211,2.7158,2.0308,2.9822,2.6266,0 
-1.9008,8.7848,2.5227,2.6065,2.9812,3.5916,2.944,3.0197,0 
-0.8572,10.3055,3.2395,3.3037,0.413,1.4092,2.5067,0.2464,0 
-1.5384,6.9985,3.0515,3.0517,3.4272,2.9214,0.9815,2.7094,0 
-0.5321,8.5238,2.2039,1.6752,2.1765,2.4854,3.5297,2.227,0 
0.7425,8.7132,4.0064,1.8404,1.9001,1.8822,1.2933,2.3658,0 
-0.198,7.935,1.8457,2.7218,1.4236,0.0234,1.7025,3.3976,0 
0.06,8.172,2.1586,1.9624,2.1583,1.1145,0.9881,0.7835,0 
-0.2536,7.1041,2.2248,1.5132,1.3445,0.9305,0.5433,3.0523,0 
-0.8035,8.7428,3.0565,2.6694,1.4298,2.2649,2.0592,2.4145,0 
1.4605,6.7064,2.3465,1.6087,2.0215,2.4333,2.7273,3.742,0 
-0.7791,7.2634,0.5349,2.6228,2.352,3.3599,2.473,0.6415,0 
-0.2489,7.2775,3.3615,0.6906,0.6798,2.0664,0.741,1.5987,0 
-0.4341,9.0878,1.854,1.683,1.8201,0.1741,3.2923,1.0784,0 
-0.2146,7.4662,0.5388,3.4793,1.1067,0.9944,1.7205,2.7618,0 
0.1997,6.7241,1.2581,1.6705,0.2459,1.138,3.1144,2.4519,0 
0.9582,6.5878,4.3261,3.3573,2.4599,1.2474,0.5645,3.9701,0 
1.2698,8.4365,1.0705,1.8733,1.5851,2.4672,2.3381,1.1439,0 
-0.1989,8.4896,1.8718,1.4183,2.7006,3.1104,2.3806,2.0263,0 
-0.9984,6.8916,1.6876,1.2576,3.1851,1.1476,2.7076,0.5413,0 
-0.7062,7.5881,0.6729,1.3758,2.833,2.0782,3.2368,3.5042,0 
1.1238,7.5657,1.8375,1.7169,1.1241,2.8764,2.6958,2.0508,0 
0.5591,6.9054,1.6261,2.2026,1.9981,2.0084,2.1288,2.8303,0 
-1.0596,9.1623,1.7368,2.774,2.5687,0.5606,0.4968,2.9361,0 
0.4849,8.3135,3.0515,0.1038,0.7811,1.8441,3.0731,2.5142,0 
0.9016,6.7929,1.7125,3.5569,2.4746,1.1004,2.8189,0.2434,0 
-0.6705,8.6669,3.136,2.1036,1.9063,1.3068,2.9539,1.2056,0 
2.5077,8.1083,2.931,2.2201,1.197,1.5119,2.4999,1.6862,0 
0.7159,8.4844,2.3103,1.4674,2.7179,2.2059,2.6188,1.8113,0 
1.2849,8.5846,1.95,3.8228,0.9931,0.634,1.7409,1.9337,0 
-0.3445,8.7049,2.6912,1.4375,3.3251,2.5299,0.5835,2.3294,0 
-0.8438,8.4697,0.9936,2.1221,0.8151,2.2644,2.0444,3.0022,0 
0.6399,7.4238,0.686,0.3188,2.1861,1.8929,1.0588,2.6373,0 
-0.4224,10.0289,1.8398,1.0479,0.7184,3.6904,0.3903,2.5673,0 
0.1894,8.647,1.3587,2.3771,0.1217,1.7994,2.4476,1.0486,0 
-0.7699,7.9834,1.1316,3.1309,2.9955,2.3262,1.1199,1.3623,0 
1.0055,8.2959,0.9137,1.0807,4.1147,2.3336,2.1925,2.9822,0 
-0.1571,10.7081,1.7807,3.3839,0.3412,0.9934,2.8741,2.0933,0 
0.3902,8.2608,3.3232,1.3996,1.8955,2.6399,2.382,2.8265,0 
-0.2246,8.2302,2.7652,0.7633,-0.4653,-0.1575,0.9071,3.0206,0 
-2.2146,7.8471,2.8437,1.5108,4.164,1.2675,0.8978,1.3884,0 
-0.1944,9.2263,2.7575,1.1049,1.5539,1.4896,1.6134,3.2242,0 
2.2033,8.1825,4.0671,4.0238,2.2881,1.3582,1.3723,2.5623,0 
-1.749,8.551,1.4797,1.7761,1.602,0.2215,3.1036,2.5631,0 
0.5747,6.9568,2.1428,0.7431,1.4763,1.7522,0.6368,1.7625,0 
-0.3036,7.6079,2.0893,2.8005,2.101,0.2714,1.0013,1.5577,0 
0.0372,7.912,0.7065,0.9561,1.0334,1.4773,2.1203,1.4259,0 
-0.1775,8.3314,1.5496,1.755,2.6789,2.0517,3.1772,1.1693,0 
0.9762,7.9702,1.9069,2.5498,1.9834,3.0556,0.5295,0.4254,0 
0.8531,7.7378,2.0433,2.768,2.2629,3.5669,2.2574,0.4346,0 
-0.4253,8.9238,2.0065,2.15,2.6743,2.192,2.4092,1.043,0 
1.0247,8.0042,2.5406,2.3907,2.3428,1.1986,2.6546,2.838,0 
0.2958,7.8184,1.6214,2.6689,2.0804,2.1587,1.2254,2.7081,0 
-0.9177,8.7614,2.1686,4.3223,3.3385,3.5471,0.5509,2.4329,0 
-0.3412,9.1552,1.5325,2.7012,2.6834,2.6348,3.9408,1.7596,0 
1.7975,8.1172,2.4256,0.9401,2.3688,2.228,2.3912,2.2517,0 
-1.3135,6.5857,2.3789,1.6093,2.6482,1.9153,2.2628,2.7398,0 
-0.5085,8.2918,0.9793,1.7141,1.3496,1.7733,2.5126,2.8749,0 
0.6932,6.0334,2.2995,3.0205,1.9778,3.2526,0.3377,2.59,0 
1.2387,7.7736,2.037,2.2727,1.823,-0.1234,3.836,0.6411,0 
-0.3089,7.1897,3.6671,2.3411,3.156,0.2802,2.8537,3.8672,0 
0.8089,9.8224,2.5114,2.4878,1.6874,2.7272,1.95,0.4053,0 
-0.269,7.5388,3.0788,1.4106,1.2399,2.6139,1.9817,2.5369,0 
-0.4685,8.8793,1.7954,3.0162,0.6888,1.8894,3.0318,1.5441,0 
0.1389,9.4206,0.2534,3.4086,2.0752,2.5479,1.0109,1.3715,0 
-0.3805,6.8115,3.171,1.9194,4.0764,1.5397,1.7492,2.7029,0 
-1.0814,5.9449,0.2996,0.7963,2.1975,1.1769,0.4176,1.6915,0 
0.5359,7.7185,2.476,1.9073,1.672,2.1862,1.0979,2.2773,0 
-0.2236,7.9824,0.8928,1.0844,2.9187,0.5094,1.5769,1.3335,0 
0.6936,8.3839,3.5064,-0.6677,1.8217,1.4971,0.9309,1.0309,0 
-1.2617,7.5277,2.1681,1.5123,3.4605,0.974,0.5948,2.1077,0 
0.5519,7.3566,4.0717,1.8922,1.7152,1.508,1.6035,1.9225,0 
0.2246,7.7256,1.7103,2.167,2.1872,2.841,1.7215,2.1661,0 
-0.3609,7.5966,2.8087,2.1418,1.5272,2.3381,0.7631,4.4305,0 
0.2422,7.3826,2.3125,3.6552,2.5038,1.6103,0.1832,1.3099,0 
1.1246,8.0129,3.1615,2.5457,3.5338,2.4991,2.834,3.1932,0 
-0.626,5.12,1.8132,0.8685,0.9939,1.8772,1.5819,2.6673,0 
0.5267,9.0645,2.4083,2.0834,2.4079,3.059,2.051,1.6801,0 
-1.6489,7.5983,1.4247,0.5027,2.1954,2.4532,0.7096,0.6742,0 
-0.3454,7.9597,2.6208,2.0496,0.5176,2.0392,2.6756,2.2936,0 
-0.3544,7.9662,2.1541,2.0009,3.4421,1.4933,1.4981,2.0022,0 
-0.1418,7.6855,1.717,2.8539,0.9004,2.2085,1.5865,1.281,0 
0.9082,7.4027,0.7942,3.2885,3.1556,1.4839,2.9634,1.9039,0 
0.2304,7.8551,2.7498,3.5132,1.1139,2.2484,2.3029,4.1338,0 
0.0205,8.2607,1.2355,2.1252,2.1136,1.1198,2.2999,0.9294,0 
-1.1967,7.2264,0.4891,1.2481,1.2938,1.7407,1.8028,-0.0818,0 
-1.0663,7.3694,2.2684,0.6564,0.9166,1.9229,1.9301,1.1773,0 
0.7922,8.4758,3.4171,1.2753,1.2401,2.7003,1.2251,2.6754,0 
-1.4717,9.999,2.7845,1.704,3.1994,2.3161,-0.1161,2.5453,0 
-1.8394,7.4097,-0.8226,1.414,2.1634,1.3387,1.3521,2.9562,0 
-0.0306,8.5805,1.8843,2.5968,0.3107,2.9317,1.3494,-0.2567,0 
0.8329,6.5265,0.3499,1.4526,3.0957,2.6922,1.1085,2.6504,0 
-0.1626,7.7883,2.095,2.8074,3.6473,2.5878,1.1523,2.3912,0 
-1.2317,6.6838,1.8096,2.4718,0.5867,1.7522,0.6471,0.7692,0 
-0.1127,9.1527,2.5742,4.2166,0.9843,2.8157,1.2957,2.4158,0 
1.1633,7.0944,3.0371,2.2772,-0.7917,0.9539,3.1611,0.8353,0 
-2.2897,11.2075,1.866,2.6827,3.6844,2.5535,2.0708,3.3817,0 
1.8753,8.2657,0.8731,1.5998,2.6984,3.1803,3.3925,2.2364,0 
0.633,8.9076,1.4978,1.4213,0.9712,1.977,2.1029,-0.446,0 
0.7893,8.8495,0.818,3.7533,2.0778,2.6985,1.9673,2.3773,0 
0.8764,7.4282,1.7117,2.4819,1.8901,3.0224,0.9399,1.302,0 
0.3054,8.4077,2.2719,3.3912,0.6386,-0.5478,3.792,3.6429,0 
0.186,8.6472,2.5093,1.831,1.9791,3.5865,1.9973,1.8885,0 
-1.8567,9.2317,2.2672,2.1528,2.2433,3.451,1.3796,0.3377,0 
-1.7648,7.4625,1.4831,2.0935,-0.3009,1.5808,2.1684,1.0759,0 
-0.9967,6.7021,2.6587,-0.0225,2.9871,0.0867,0.7623,1.8738,0 
0.3494,9.8341,2.0048,2.1751,2.3601,1.8065,1.9159,0.8966,0 
0.1455,6.3197,2.7976,1.8785,1.9058,2.1843,0.4956,2.0725,0 
-0.476,7.5427,0.6841,1.9182,2.3075,3.3546,2.1722,1.5653,0 
0.0098,8.1593,1.0495,1.138,2.7511,2.4275,4.5719,0.8171,0 
-0.1359,9.0498,2.5576,2.0512,1.4227,-0.0222,1.1758,3.255,0 
0.5321,7.6062,1.0652,0.5915,2.9902,2.1302,1.5194,2.5329,0 
0.8593,8.2255,1.0875,-0.2147,1.1768,3.1494,2.3497,3.1865,0 
0.0724,7.4859,-0.0099,1.9093,1.631,0.9554,2.0824,2.9954,0 
-1.0167,8.145,3.375,0.7987,1.822,1.131,3.6921,2.0259,0 
0.9856,8.1033,2.0608,2.6235,-0.106,1.5776,1.9865,2.3891,0 
1.6938,7.6168,3.2622,1.8975,2.3553,3.1794,2.5081,1.9148,0 
-0.21,9.539,0.6934,2.3855,3.0968,1.8058,2.2507,3.6569,0 
0.1431,9.3255,3.9233,2.7953,1.1504,2.9145,0.1438,1.9277,0 
0.7931,8.2774,1.8044,3.417,2.9082,0.5103,3.0709,1.4849,0 
1.5863,9.6887,1.7536,2.2374,1.9535,2.1913,2.2206,1.7069,0 
-0.1351,7.9521,2.027,1.2876,3.8198,2.4433,2.6723,1.8144,0 
-0.9231,8.5691,3.9942,2.9349,0.6533,1.8521,0.9602,2.6415,0 
-0.3399,8.3561,1.4319,1.5914,0.6578,0.7918,2.0904,2.1181,0 
-0.5432,7.5061,2.6672,2.3901,1.1102,0.6422,-0.5417,1.766,0 
0.2776,7.9871,0.2563,2.8285,1.7418,-0.0294,2.7873,3.2642,0 
-1.2464,8.4881,1.537,2.8896,1.8903,2.058,0.4345,0.571,0 
1.4068,6.9816,1.0604,1.5307,4.7492,1.6625,2.397,2.0417,0 
-0.1347,8.6377,1.1459,1.8727,2.3263,0.7502,2.9181,2.9734,0 
-0.0675,7.6723,0.7024,0.8805,2.3311,2.28,2.6613,1.2569,0 
1.0747,6.8044,0.6223,0.4376,3.0461,2.3373,3.5919,2.1958,0 
0.2099,6.6199,2.319,1.4614,3.0152,1.4408,2.6706,2.2531,0 
0.0649,9.7574,1.3286,3.7204,-1.2215,1.8951,1.5032,0.6319,0 
0.6478,8.2805,0.9327,3.6176,3.2284,1.9826,1.8977,2.0382,0 
0.4632,7.4817,1.4047,2.5035,1.7181,2.0813,1.6837,2.0793,0 
-0.6341,7.7216,2.8946,0.8766,0.7499,0.9248,1.3119,2.8711,0 
-1.0048,8.22,2.0116,0.8381,-0.0565,1.8173,2.719,0.9722,0 
-0.3668,9.1419,0.9493,3.777,2.0796,0.7898,2.1709,1.4018,0 
-0.9853,7.6187,0.1773,0.8691,0.8188,1.0825,2.4813,1.0119,0 
-1.597,6.8578,2.6937,2.4505,2.3106,1.5505,2.7289,0.685,0 
0.5354,7.7304,1.6607,0.6877,2.6912,1.7385,2.4845,2.7441,0 
-0.8389,8.8014,-0.2837,3.5114,3.2121,3.8222,2.0937,2.3266,0 
1.404,7.8324,1.4868,2.2927,1.1301,3.5954,2.4539,1.2347,0 
1.6687,6.7762,1.8227,2.3169,2.2391,2.3478,1.4471,2.937,0 
-0.4327,9.3958,0.7485,0.8193,1.5261,1.6176,1.8141,2.7069,0 
-1.9117,8.6867,3.8739,2.3941,2.5576,2.0915,2.7266,5.0614,0 
1.4814,7.8566,1.5358,2.4736,0.8231,3.5848,1.0344,2.4373,0 
-1.7073,7.2559,0.875,3.5292,3.0685,3.1451,1.5573,0.6107,0 
1.3166,9.6775,3.0153,1.9591,1.8099,1.9489,1.3391,2.831,0 
0.6133,8.4744,1.4536,1.1874,1.9785,2.0988,1.2846,2.5363,0 
1.3385,7.6915,1.3011,-0.9158,1.8773,2.2144,2.4603,1.1781,0 
-0.3634,8.5056,1.6859,0.9471,2.0452,1.7608,1.1084,0.8254,0 
1.639,8.5901,2.2282,1.9996,1.9598,3.0675,2.1201,1.9239,0 
0.9218,8.7284,0.2928,1.9511,2.5287,1.9909,3.0283,1.6538,0 
-1.3131,8.9159,1.9681,4.0545,1.2087,2.4442,1.7829,5.6273,0 
-0.295,8.5107,2.0188,2.1103,1.2377,1.5824,2.2125,0.7893,0 
0.4914,8.6641,1.6477,0.3371,2.6947,1.2162,1.8828,1.1323,0 
-1.2175,8.7642,2.6656,3.1736,0.9889,0.0035,1.1989,2.4949,0 
0.4675,9.2072,2.3149,1.4881,1.0414,1.6468,2.007,1.8946,0 
-0.7698,8.624,-0.7926,3.3131,0.9757,2.9252,0.9443,3.1123,0 
0.3924,9.4769,1.3157,1.1096,-0.5791,1.3394,0.5749,0.5769,0 
0.5297,7.6396,2.3442,2.6969,2.0971,0.8783,2.1859,2.6595,0 
-0.3395,6.8767,2.7992,1.8321,1.1686,-0.1652,2.2536,2.5347,0 
0.4547,8.1612,2.2613,2.444,2.5966,2.6639,0.6795,3.7482,0 
1.5328,9.0045,0.0751,1.5772,4.3012,1.5746,3.2647,0.3662,0 
-1.1069,7.9758,0.1432,1.0924,0.1169,2.0437,0.4527,3.4391,0 
-0.1238,6.5832,3.1995,2.0527,1.2988,2.1486,2.3681,3.0827,0 
-0.308,6.9753,2.1251,0.9947,1.7258,2.2409,1.8536,1.1399,0 
0.3149,7.9615,1.8048,1.5556,0.6444,1.5174,2.003,3.6145,0 
-0.7572,8.8336,1.446,3.0493,2.0782,1.0363,2.2841,2.1566,0 
1.7467,7.0931,1.7482,2.6261,0.8259,1.9808,1.2938,1.4253,0 
-0.0565,8.178,1.0573,3.4465,2.1108,1.8971,1.9007,0.3636,0 
-0.5909,7.2473,1.1964,2.5423,1.5337,2.9902,3.3532,2.2121,0 
-0.9203,7.031,3.383,-0.1976,2.1933,3.6803,0.7468,2.3201,0 
-0.138,7.9517,1.0879,4.2176,2.244,1.8815,1.6294,1.613,0 
-0.7736,8.309,3.2064,1.7447,1.6495,1.6792,3.0031,0.5755,0 
0.4129,6.4437,1.9907,1.039,2.7782,2.4867,1.3906,1.356,0 
0.1897,9.6405,3.1273,1.6133,3.9552,1.4834,0.2116,2.3391,0 
-0.5766,8.1,0.8643,2.4175,0.8718,1.6593,1.6353,2.9021,0 
-0.2338,8.9214,1.6011,2.0074,2.014,-0.0473,2.7518,0.5264,0 
-0.2006,8.626,1.4257,2.7826,1.9709,2.6766,2.8153,0.8984,0 
-0.8342,8.1343,4.1505,1.3437,3.1553,3.2683,2.0981,3.6072,0 
0.5048,7.8653,1.5006,2.6549,0.1771,2.3116,2.533,-0.5989,0 
0.8131,8.5062,0.6183,2.1527,1.1875,1.1385,2.4848,2.5148,0 
-1.5932,7.0965,2.5349,3.6371,0.8029,2.637,-0.1425,1.0208,0 
0.1767,8.2018,2.9097,3.5097,1.3635,1.6819,2.0082,0.9288,0 
-0.1909,7.0057,1.5101,1.9909,2.2143,2.0644,2.4607,1.54,0 
0.8844,8.8222,3.0825,2.6195,2.8699,3.4127,0.5669,1.0485,0 
1.6446,6.379,1.2965,1.1216,0.6756,0.832,1.5497,4.1834,0 
-2.1773,9.1849,1.7446,3.6037,1.0107,1.9711,1.4208,2.0217,0 
-0.2706,7.5921,2.7509,2.8749,2.082,1.9637,2.1281,1.9195,0 
0.7751,9.1674,0.1556,1.6105,0.4745,2.2964,-0.1836,3.0475,0 
0.9364,6.571,3.1606,1.1793,2.1938,1.0878,2.1161,3.2042,0 
-0.1805,8.0406,2.1353,3.2849,2.8761,2.2865,2.1081,3.435,0 
0.6413,4.6884,1.5989,1.9955,3.7234,0.1246,2.9777,0.7885,0 
-1.3884,8.8633,1.3013,1.8906,1.5555,2.2048,3.2396,2.408,0 
0.4836,6.9454,3.1827,3.8121,1.1535,1.7363,0.8078,3.1465,0 
1.0915,6.4372,1.8963,0.6688,3.3611,1.1372,1.9085,1.7338,0 
-0.5315,6.5165,4.3174,0.7531,2.1234,2.4022,2.4908,3.0202,0 
0.6124,8.6871,2.5093,1.9594,1.4957,1.9099,1.4403,1.3122,0 
-0.2566,7.0502,1.6154,4.2953,2.3928,3.0745,2.2623,2.2297,0 
0.1268,7.4667,3.0306,3.0431,0.2839,1.8489,1.4766,1.5631,0 
-0.6101,6.0438,3.7425,2.4669,0.8033,1.4559,2.5352,1.452,0 
-1.0492,6.8316,2.6143,2.6133,3.0179,1.4946,0.7598,2.4828,0 
-1.5904,8.5864,1.3012,1.4036,1.9005,0.9161,2.3206,1.4553,0 
-0.1244,7.6776,1.6054,1.7071,1.3867,1.1273,0.6588,2.2441,0 
1.1705,6.381,2.6073,2.5783,0.609,0.553,1.9545,3.0421,0 
-1.6925,7.8438,2.0235,3.6701,3.052,3.19,2.8302,2.2844,0 
-1.2273,7.3162,1.4873,2.6254,1.1177,1.8963,1.4392,2.2006,0 
0.885,7.5266,1.1751,1.1774,3.7725,2.6273,1.7894,1.7485,0 
1.4901,8.9111,3.2096,3.2879,1.693,2.9624,1.473,3.0873,0 
1.1687,7.0273,2.9975,2.9755,3.8895,1.3113,1.8033,0.3194,0 
-1.0209,7.558,3.2822,1.3222,2.7596,2.0538,2.9469,2.6706,0 
0.992,8.5248,2.4612,1.965,1.8356,3.1111,2.3047,2.0421,0 
-2.0034,8.809,2.8811,1.6698,2.2903,2.642,4.3618,1.3996,0 
-1.185,9.0214,1.4863,1.0315,1.5437,-0.7177,1.1234,3.1407,0 
0.1003,8.86,2.2773,1.2936,3.1355,0.5112,2.0125,2.2657,0 
0.602,7.3981,2.1496,1.4783,3.4713,2.0707,0.306,3.2828,0 
0.4898,7.087,1.175,1.963,2.0697,2.2508,1.5875,1.2394,0 
-0.2799,6.8852,4.0027,2.9087,3.3365,2.323,2.5009,1.6608,0 
-0.1914,7.6651,3.2122,2.0873,2.0984,-0.7884,2.924,1.9013,0 
1.3848,9.0612,2.6872,1.2788,1.3611,2.7311,2.8353,2.0337,0 
0.4552,9.3613,1.5968,1.1674,1.8077,2.2257,1.2916,3.1325,0 
0.2832,6.8013,1.2529,2.5165,1.6653,1.581,1.9586,2.5146,0 
0.2388,7.4283,1.1789,1.5307,2.0252,1.287,3.3204,2.3828,0 
1.4727,7.3982,1.1479,2.746,1.3759,3.8858,0.2897,1.3587,0 
-0.949,6.8604,1.7956,1.6473,2.4677,1.5663,2.7368,2.4923,0 
-0.7116,8.3642,1.9269,1.6842,2.1045,1.5797,2.1438,2.5334,0 
1.6308,7.5978,1.6396,3.0741,1.5812,4.4288,2.9111,3.0585,0 
-1.332,6.7145,1.9586,2.0966,1.5418,1.2598,2.9863,4.2523,0 
0.3687,7.3747,1.3095,3.3691,1.791,3.3381,-0.7065,2.9093,0 
1.1373,7.4486,1.7597,1.3595,2.9302,1.5215,0.0142,3.1205,0 
-1.2439,8.1085,2.9626,2.9508,2.6797,2.7865,2.8039,2.8029,0 
-0.4146,8.5446,3.2689,0.4627,1.1953,1.806,0.9414,1.2568,0 
-0.9293,8.6069,1.9138,2.8326,2.2339,0.8419,3.1489,2.7,0 
-0.2258,7.3392,1.8985,2.4218,3.6354,3.7901,3.5782,2.1385,0 
0.872,8.3215,2.6227,1.4702,2.7764,0.7783,-0.0467,2.3174,0 
-0.4974,7.114,2.5758,2.5804,1.198,3.618,0.7438,2.2996,0 
0.9793,7.8228,0.5368,-0.8281,2.3314,0.7215,3.0278,3.5237,0 
-0.1091,9.0047,3.3949,1.7131,2.5535,2.3951,2.4018,1.0324,0 
-0.3415,7.9992,1.5431,2.9081,1.564,3.9777,2.1919,1.6838,0 
-1.2366,6.7177,4.5097,2.9445,2.166,2.3307,2.7624,2.2062,0 
-0.8488,7.002,0.75,2.3563,1.9786,1.9623,1.2243,1.9079,0 
2.7605,7.4893,3.0302,0.2887,1.5598,3.0185,2.3264,2.1335,0 
-0.9122,7.3753,1.0673,2.1495,2.1897,1.8274,2.0628,1.1624,0 
0.7576,7.2766,1.9463,1.1418,2.8187,1.6525,3.2061,3.7708,0 
-0.8719,8.0997,2.9152,1.1645,3.083,2.8274,3.3233,1.3051,0 
-0.2903,8.9121,2.1047,0.5856,1.8596,4.0368,3.1378,2.5393,0 
1.0124,8.4793,1.8521,1.8658,1.4468,2.4619,2.0849,2.2133,0 
-0.6282,8.4277,1.2959,1.9422,2.0815,1.1546,2.3358,2.2905,0 
-0.4571,7.3307,0.236,3.1044,3.0495,2.9352,0.3745,0.0711,0 
1.2997,6.6336,1.644,2.1365,0.9656,3.4319,2.3955,2.8101,0 
-2.7223,6.8754,2.1144,0.697,0.4834,0.5029,4.0955,1.2119,0 
0.5403,7.0556,2.3361,3.355,3.8104,2.4269,3.4612,2.9486,0 
-1.0637,10.2404,2.1548,1.013,2.7266,0.9359,2.8448,0.8139,0 
0.6557,8.5079,0.6152,1.055,0.2828,1.0729,2.5082,3.0388,0 
-1.2294,8.8673,1.9304,1.1063,3.569,3.1356,1.9505,1.1675,0 
0.7147,8.0066,2.1353,1.8229,0.7884,2.7617,3.0359,3.0018,0 
-0.6858,7.4892,1.7862,1.6177,0.725,1.1396,1.6983,1.273,0 
1.6842,8.8895,0.9993,3.3381,2.3315,0.2047,1.8802,3.8654,0 
-0.4384,7.8487,-0.3671,2.1187,3.3768,1.7085,2.4613,-0.1417,0 
-0.1267,9.2037,2.0751,3.2607,1.024,2.0995,1.7507,0.4159,0 
0.805,8.6568,1.5103,3.8973,2.5826,3.519,1.5451,1.4785,0 
0.9059,7.4299,1.8061,1.1714,1.0215,1.5048,2.9041,2.4774,0 
0.8093,7.9611,2.2465,1.9418,0.9693,2.1682,3.9516,-0.3997,0 
-0.1227,9.5201,2.8793,2.2487,3.1268,0.0293,0.8607,1.001,0 
0.477,7.0238,1.7522,3.3142,3.0628,3.3569,0.947,2.0667,0 
-1.541,9.3921,0.1139,3.036,1.7406,3.377,1.1088,0.9029,0 
0.0865,7.1469,1.8776,3.8602,2.5416,0.9865,0.7684,0.2597,0 
-1.9881,7.389,1.9101,1.8396,2.172,0.5253,1.9649,3.1156,0 
-0.0329,8.6418,3.4876,1.6427,1.7157,1.7834,3.1551,1.9503,0 
-1.5992,10.2131,3.369,1.0456,1.9414,3.2882,2.2038,0.6041,0 
0.7691,9.4248,0.8251,2.04,2.9284,1.0911,2.3266,1.4796,0 
-0.841,7.0994,1.0941,2.1789,3.0559,3.209,3.7486,2.6644,0 
1.6149,7.5228,1.5255,0.0213,3.6666,1.8234,2.5179,2.7551,0 
-0.8691,7.5996,3.0686,1.7853,0.9635,1.8094,1.217,0.6855,0 
-1.149,9.7204,1.8042,0.7152,2.0998,2.4544,1.5609,0.9234,0 
0.2288,8.7932,2.5528,1.8722,1.6054,0.9471,2.403,3.2886,0 
0.209,8.5615,0.514,1.2877,4.6889,2.4604,1.4446,2.2821,0 
0.5091,7.6123,3.4416,2.6734,0.4934,1.8609,3.2278,3.1045,0 
-1.4754,8.2691,2.9545,3.4649,2.0355,3.4826,4.7731,2.4243,0 
-1.5819,7.7453,0.7519,1.5771,-0.2238,1.6553,2.6872,2.0212,0 
-0.9872,7.8874,2.8392,2.8948,1.4727,4.5735,1.9125,2.075,0 
0.2148,6.468,1.7356,2.826,0.2027,1.7131,4.8607,0.5414,0 
-1.5216,7.5131,1.2855,4.925,2.273,1.3134,3.4031,2.2833,0 
0.388,6.6024,1.276,1.7741,2.151,0.8866,1.2448,2.2122,0 
0.0006,8.611,0.1484,2.7526,0.5125,0.3971,1.874,2.192,0 
0.965,7.4945,1.1542,2.5049,1.903,2.839,1.0224,1.3504,0 
0.1518,8.3013,3.176,2.4113,0.9879,-0.6593,3.1008,1.5353,0 
-0.3897,8.6598,1.4405,1.5278,2.5513,2.3843,1.9126,1.0283,0 
-0.3733,6.7034,1.7802,1.7979,1.1382,2.6583,3.9235,0.8724,0 
* 
8.5573,7.0908,1.6637,2.6668,1.0511,2.8028,1.9228,2.1713,1 
7.0946,8.4634,1.9963,1.545,2.002,1.3893,2.9826,3.5137,1 
8.6637,7.1226,1.6701,1.5874,3.2585,1.5733,2.2319,1.4961,1 
9.258,7.0442,1.7343,1.862,1.0113,2.3433,2.1996,2.8304,1 
7.6972,7.7103,2.8131,1.9231,1.3158,-0.0492,2.4293,2.1047,1 
6.42,8.1234,0.7404,1.3466,1.0259,1.7547,2.394,0.2602,1 
9.2327,7.7838,0.9334,0.2856,1.2488,1.2214,0.4386,1.8172,1 
7.7477,9.3459,2.1125,3.1656,1.9525,4.4531,2.9176,2.5024,1 
7.4774,9.1809,1.9506,2.483,1.767,1.5144,1.6701,2.2843,1 
9.6564,8.3635,2.192,1.4106,1.9703,0.2907,0.5744,4.5611,1 
8.4358,8.7639,1.4171,2.1249,2.2581,2.7782,2.0614,2.8077,1 
8.5116,6.813,1.8633,2.9594,1.62,3.528,2.4251,2.8219,1 
10.7011,8.809,2.6794,3.5191,2.6443,1.8463,1.7415,2.0101,1 
7.3773,7.6221,2.4163,2.4802,0.7177,2.8495,1.1772,2.23,1 
8.532,8.5555,2.6118,0.5623,2.7889,2.5314,1.2899,2.134,1 
8.2284,9.2557,0.6542,0.5724,2.8827,0.7243,3.1299,2.3012,1 
6.994,9.7698,2.4898,2.2444,1.3478,2.0858,1.5297,3.8037,1 
8.2381,7.3517,2.9933,2.6205,1.8598,0.8261,1.9739,4.3432,1 
8.6738,9.6561,3.2762,1.7478,2.4765,3.1243,1.2103,2.632,1 
6.7884,8.4786,1.3726,2.2398,0.3829,2.8827,2.7718,2.5075,1 
7.3349,9.2234,2.5314,0.8521,0.1696,2.6826,4.6381,1.0439,1 
7.9705,7.0747,1.7396,2.2162,2.7825,1.7601,1.3516,1.8551,1 
7.1208,6.5522,3.001,2.1723,2.2829,1.9541,1.8847,4.169,1 
7.0833,7.6526,1.8181,2.9214,1.6764,1.6147,1.5619,2.6066,1 
7.8797,7.4823,1.4155,1.9108,1.8112,2.5533,1.4994,1.4232,1 
9.4165,9.6657,-0.408,2.6686,3.3609,1.7073,2.4054,1.7569,1 
9.5002,9.5553,2.614,1.8249,1.7045,1.8663,2.0611,0.518,1 
8.2959,8.705,2.4013,0.1469,1.9166,2.3143,3.8301,1.0543,1 
9.9311,8.2794,2.7275,2.7062,1.6759,0.9877,1.7011,0.0298,1 
7.1661,7.021,2.6235,3.067,2.031,1.7189,2.1867,0.9389,1 
6.7586,7.5017,1.649,1.973,3.2227,1.5389,3.464,3.0745,1 
8.6001,6.926,1.9899,1.0269,2.4327,0.9281,1.6688,3.6367,1 
7.1733,7.3071,3.1915,1.2252,3.0253,2.1896,3.237,2.872,1 
7.4445,7.1745,1.4018,3.2148,3.6072,3.3805,2.7756,1.4314,1 
8.3384,9.3516,2.3987,2.37,3.1985,3.1824,1.3058,0.5598,1 
6.1437,7.0891,0.6475,1.3872,2.759,3.2019,3.3142,2.5696,1 
6.3646,8.7642,1.3731,3.7599,2.3508,2.6723,2.1518,3.0609,1 
8.5635,7.9864,2.5704,1.9291,2.9374,1.9243,2.1392,1.7385,1 
8.5889,9.8405,2.6202,4.2388,3.7263,2.2817,1.9649,2.7122,1 
9.1518,6.2879,1.189,1.4167,2.4795,1.9234,3.4224,1.6226,1 
5.6099,8.1396,2.9552,3.6716,2.6264,3.8648,1.582,0.4918,1 
8.7459,7.7554,2.5784,2.192,1.7624,2.7695,1.0392,2.1385,1 
8.6614,7.2253,0.1161,0.8462,2.9801,2.5715,2.1731,2.8745,1 
8.0208,6.9426,1.9303,2.0265,1.7895,1.8352,2.5786,2.9485,1 
8.3783,6.032,3.0316,2.8405,0.8843,2.6568,1.7151,1.1245,1 
7.6276,7.8597,1.3911,1.5123,1.7948,1.8665,2.282,3.3707,1 
5.9794,8.9634,3.5361,2.9398,1.7086,2.4633,3.8852,3.6754,1 
6.3913,7.3287,0.7798,2.6788,2.1746,1.8172,2.3626,2.6082,1 
5.5015,8.2313,3.4803,2.6432,2.6116,0.6907,2.4794,0.7397,1 
6.6888,8.4681,1.6829,1.6841,0.2628,4.4531,3.2869,1.3589,1 
7.4452,8.8228,-0.0104,3.667,1.625,2.3849,2.2817,0.3892,1 
6.4466,7.7261,4.8092,1.8553,-1.2754,2.474,2.1451,2.3658,1 
7.1153,9.2243,3.5774,2.2651,3.4735,2.2923,0.0559,2.7189,1 
7.1812,8.7908,2.164,1.2874,0.8615,2.4392,1.2499,0.3533,1 
8.7997,8.0485,5.0736,3.3116,3.0941,2.6806,2.1939,1.2434,1 
7.3263,10.1597,4.0928,1.9437,1.9482,1.0668,3.0082,2.7778,1 
7.7921,9.4533,1.8534,2.2692,1.2259,2.5378,3.7805,0.7984,1 
7.6659,7.2541,3.1968,1.2434,2.4104,1.6154,1.4428,0.7291,1 
8.1174,8.172,1.7992,2.8325,1.6626,2.5793,0.8276,1.074,1 
6.7621,7.7325,2.2345,1.4517,1.9646,1.788,1.9664,2.6697,1 
6.5983,7.894,1.9494,3.1078,1.1681,1.6109,2.543,2.2218,1 
8.2607,8.0137,2.3792,2.4438,1.9042,1.5936,0.3195,1.3373,1 
8.5294,8.9927,2.2377,1.2334,3.5502,1.8502,1.3883,4.1977,1 
7.3293,9.6816,1.2688,3.9915,1.2656,2.4042,2.3031,2.8555,1 
6.2157,6.7035,2.7727,2.25,1.8476,2.2889,2.2738,-0.0217,1 
7.3989,7.5422,1.6293,1.3345,2.9161,2.0698,1.1102,0.4224,1 
8.1031,7.97,1.6544,2.2923,0.6158,3.8031,3.4695,1.9039,1 
8.2552,8.715,1.2761,1.4244,0.9051,1.9018,1.8045,2.448,1 
8.566,9.3941,2.2267,0.4682,0.9299,1.4175,2.1369,3.2734,1 
7.3927,10.3871,0.6795,4.0684,1.6842,2.2694,1.9525,3.2686,1 
6.015,7.7838,1.2016,2.0693,1.7982,1.6842,2.2397,3.392,1 
6.7072,6.9455,2.2244,1.7442,1.1918,2.4049,1.2362,1.0829,1 
6.5685,6.0787,0.7335,0.9516,3.3084,0.8124,1.1555,1.9724,1 
6.9874,7.3996,1.725,0.4876,2.0504,1.23,1.7741,2.2428,1 
7.8251,8.5683,3.2877,1.848,0.9311,2.6999,1.8172,2.4128,1 
7.945,7.5653,3.9936,0.8446,-0.0257,2.9332,1.727,1.9276,1 
8.2747,7.1291,1.6133,1.8034,3.9552,1.9727,0.9253,1.5859,1 
9.8002,6.6576,2.3244,1.931,2.0593,2.7801,1.8609,2.4377,1 
8.8419,7.4806,1.1836,2.6166,1.1993,3.2115,-0.1249,2.4719,1 
7.5794,6.9077,2.1944,2.9897,1.9067,3.8029,2.7336,1.3424,1 
7.5012,8.3088,1.9884,2.4395,1.8388,2.5693,4.008,3.3312,1 
7.8285,9.1047,2.2474,1.6007,2.1157,2.851,1.5803,0.2079,1 
9.2508,9.615,3.0407,0.5907,3.0741,1.2182,1.7932,1.1859,1 
7.5548,8.8816,1.78,2.6409,1.2544,3.3789,1.4808,1.5514,1 
8.1174,8.4605,1.6536,1.3424,2.379,2.159,1.588,1.4233,1 
8.9917,9.2701,1.4438,2.0763,1.8029,2.5466,2.1246,2.5464,1 
8.03,7.8757,0.2618,0.9802,1.6127,1.8564,3.6139,2.3136,1 
7.3509,10.2235,2.5002,3.566,1.4064,2.5281,1.551,0.5743,1 
9.6911,8.101,2.7641,3.2066,0.7439,1.9924,2.0806,2.1503,1 
7.2536,7.2847,2.9055,0.4211,0.7286,1.2322,1.3231,4.0532,1 
8.3944,8.7095,1.6257,1.0005,0.7736,2.9005,1.4188,1.6698,1 
7.7469,9.6461,2.8683,0.4973,2.3975,2.2083,1.3239,-0.3773,1 
9.1311,10.1026,1.6216,1.203,2.5037,-0.0038,2.0057,2.6376,1 
6.3908,7.4821,1.4177,0.2436,2.3272,2.3108,2.5366,0.7886,1 
8.3129,8.6288,1.9237,3.1176,1.914,1.8503,2.5858,0.4673,1 
6.6673,7.2562,2.1487,1.6134,1.1834,2.3018,2.5155,-0.4476,1 
7.5168,7.6661,1.7681,2.8236,2.9476,3.1768,3.4605,1.4465,1 
6.689,7.3058,1.0964,1.5077,1.7328,1.4813,1.991,2.3562,1 
8.2026,7.8915,0.445,2.8711,1.3577,1.3227,2.4876,3.0311,1 
7.618,7.5042,3.0034,2.2397,2.3669,3.2287,1.3415,1.5936,1 
6.8348,6.1574,1.0905,1.4437,1.5748,4.3513,1.7442,2.5638,1 
7.303,7.4876,2.1824,1.6306,3.2725,1.9358,1.6921,2.3058,1 
8.3188,8.078,4.0055,1.4583,1.4722,2.4457,2.3953,1.6908,1 
9.4483,7.3065,1.3979,1.6889,4.2667,2.3446,2.536,2.564,1 
8.6505,8.2178,1.8638,1.6968,2.2049,2.6723,3.1657,1.4424,1 
8.203,7.8597,1.4406,1.0091,2.4247,3.2396,1.1964,1.1585,1 
7.9655,6.1484,1.5168,1.3277,2.7385,2.1281,2.0934,3.5793,1 
7.8413,8.1574,1.2495,3.0846,1.6811,3.8559,2.2972,2.4086,1 
8.8057,8.555,1.2108,3.1852,1.1825,-0.3572,1.8124,1.9516,1 
8.1588,7.5733,3.4669,1.4894,4.7715,1.4243,1.498,1.1538,1 
7.9499,6.4426,1.9207,2.0791,2.363,2.8176,0.3611,1.5718,1 
7.7285,7.691,2.5191,1.8357,2.4269,1.142,3.7178,2.6375,1 
7.7472,8.0923,3.2094,2.6049,-0.4779,2.9074,2.7042,0.9197,1 
10.5576,6.8999,4.3393,3.7988,2.4656,2.4413,2.9208,2.2753,1 
7.9723,8.4855,2.0644,3.213,2.8308,2.7738,2.311,1.9996,1 
8.9283,9.2385,1.246,1.949,1.008,1.6995,1.1164,1.1425,1 
8.4757,7.4274,1.8318,2.8702,1.3945,2.473,1.3718,0.9947,1 
8.2135,6.3498,2.7635,2.1618,0.5069,0.8961,1.9493,0.7963,1 
8.6336,9.5774,1.5453,1.428,1.6915,3.6132,1.4943,1.3477,1 
8.0244,7.531,3.7197,1.4416,0.7016,1.5586,0.6507,1.8421,1 
7.5068,7.1328,1.9825,1.7476,1.7619,1.6611,1.6005,1.2292,1 
8.244,7.5347,3.5662,0.8784,1.9194,1.943,1.6805,1.6479,1 
8.19,8.6018,2.8296,2.6303,1.1089,3.4215,1.3384,1.9871,1 
8.3243,8.6249,2.9187,1.5212,2.9162,2.3392,2.5795,2.5113,1 
7.3189,7.1916,0.8252,1.4964,3.2571,3.2991,3.0032,1.1498,1 
9.7954,7.8704,-0.3112,2.587,3.7186,1.3432,0.9905,1.8318,1 
8.7068,8.0722,3.4971,-0.1913,1.2038,4.9433,1.4732,-1.5973,1 
8.9549,7.972,1.0906,3.9723,1.0639,1.5393,1.965,1.3611,1 
6.2061,8.0924,1.3083,1.9408,2.3041,1.9959,1.2132,1.9623,1 
6.2972,8.0432,2.1239,2.2516,0.6428,1.0112,2.7523,2.3088,1 
7.3145,6.5084,2.2262,2.4925,3.5572,2.9929,0.6552,2.2966,1 
6.6366,7.3283,2.4244,2.9618,1.5849,3.6216,1.5276,1.2031,1 
7.0811,7.8738,3.1656,2.7379,1.7025,1.3704,-0.392,1.1083,1 
8.9072,6.9855,3.4231,2.7499,1.2496,2.0163,2.9514,1.074,1 
10.5889,10.8327,2.9629,2.9921,1.6492,3.2134,2.391,2.2121,1 
7.218,7.8625,5.4431,2.5049,1.5498,3.4282,1.1824,0.6634,1 
6.9228,6.7404,3.3672,1.7794,2.2841,0.9924,1.4323,1.9687,1 
9.0449,7.7831,3.2911,1.9427,2.3504,2.8896,2.6055,2.9121,1 
8.756,8.7885,1.0749,2.9606,1.6886,1.62,1.997,1.7295,1 
8.0649,6.6397,1.093,3.4942,1.7113,1.7582,1.9464,1.6909,1 
7.1593,7.2554,1.2024,1.3015,1.1212,-0.5157,-0.5146,0.4447,1 
6.5588,8.5494,1.8679,0.8951,4.0295,1.0887,2.5232,1.741,1 
7.9367,7.6448,1.2274,0.8591,2.2465,1.1344,3.4398,1.5004,1 
8.2991,8.2336,2.0978,1.7737,3.3267,1.9713,3.0302,0.745,1 
8.8712,7.8137,3.7133,3.6624,2.0102,1.4805,0.5098,0.3563,1 
7.3778,9.1385,0.6377,2.8677,3.632,1.7108,2.8519,1.8119,1 
7.7212,7.702,3.12,1.9808,0.4084,3.0277,1.8057,1.1269,1 
8.456,6.844,2.9747,3.0871,1.1412,2.9824,-0.1788,2.3788,1 
7.9018,7.7235,3.7761,0.1541,1.4326,1.4127,1.4614,3.0396,1 
7.7789,9.9814,2.0079,2.6976,2.423,0.2099,1.6002,2.8453,1 
7.475,7.7517,2.222,4.0905,1.4305,3.1041,1.8069,1.5417,1 
8.3086,8.0402,2.7838,2.5721,3.8689,-0.2486,0.0279,1.4361,1 
8.6581,8.1799,2.4771,2.2106,2.9894,1.3489,2.984,1.3609,1 
7.565,7.3184,2.9242,3.0389,2.5588,2.0411,2.831,2.3054,1 
8.9202,7.7131,1.9059,2.7481,2.6536,-0.3936,2.9119,2.3424,1 
8.6283,8.5874,2.4969,0.5006,3.1942,2.7846,1.8874,2.9633,1 
7.9151,10.3429,1.19,2.2206,2.9706,2.4177,1.0762,0.4111,1 
7.8392,9.3322,2.2496,2.4587,1.06,3.5864,3.2084,2.1729,1 
7.6803,6.5039,2.2705,2.4375,2.2537,3.348,-0.0359,4.6853,1 
7.1966,9.4837,3.661,3.7834,2.5722,3.1122,3.581,3.1483,1 
8.3826,9.0172,2.3721,-0.2166,2.4643,2.0991,3.4008,1.9161,1 
8.972,6.7718,1.9648,4.2086,0.815,2.5069,5.1012,2.0241,1 
6.6348,9.4606,3.0445,3.0045,3.6265,2.0609,1.3748,4.0862,1 
8.3121,8.5349,1.121,0.7475,2.5476,2.2444,2.1801,1.1992,1 
6.7722,9.0186,3.5944,0.7901,0.2937,4.1133,0.8639,2.5138,1 
8.2246,7.5202,3.1949,0.7978,1.9293,1.5387,0.4254,0.1119,1 
7.6346,7.959,0.6263,2.8049,1.0727,3.0647,0.2792,1.918,1 
6.3064,10.6502,1.6972,2.323,2.6191,1.5798,2.5502,2.1301,1 
7.7183,7.6588,4.2331,2.2565,3.4776,1.6423,1.1928,1.917,1 
8.1008,7.4001,1.9689,3.0352,2.2261,1.1182,1.4292,1.0415,1 
10.3519,9.1059,0.3864,1.4936,2.7466,2.7405,1.6264,0.8886,1 
7.575,9.4869,1.2277,2.1931,2.7582,2.0104,2.7822,1.8685,1 
7.7365,7.5416,0.4306,1.978,1.1975,2.0017,3.5243,1.278,1 
6.5713,7.177,0.4696,2.0106,3.6425,0.211,2.0276,2.8674,1 
7.3223,8.9993,3.7078,0.0354,0.9349,2.4351,2.5513,1.6753,1 
8.4069,8.068,1.3427,2.2491,3.0959,1.62,0.6993,3.1461,1 
8.0101,7.3885,2.9576,4.1745,0.1688,-0.0017,1.1756,1.2748,1 
7.0784,8.2443,1.8335,1.1178,3.7438,3.259,3.4416,2.6712,1 
7.5983,8.2417,1.4642,1.2007,3.7758,2.0689,2.1953,2.049,1 
7.5101,7.2708,0.8763,3.5138,1.1036,4.1184,1.3997,0.8749,1 
7.1683,7.667,1.6795,2.2328,2.32,2.1751,2.2681,4.183,1 
7.9286,8.0858,0.9745,1.3841,0.7274,3.9237,3.2355,3.1655,1 
6.5638,9.4913,2.021,2.6394,2.2549,2.137,2.2515,2.6165,1 
7.5842,7.4868,0.1545,0.3584,0.6613,1.5388,1.8023,2.1914,1 
8.474,7.6962,2.6475,1.9665,1.3629,1.9681,1.514,1.2664,1 
7.9374,8.0605,1.4126,2.4892,0.3486,2.3841,3.2036,1.4473,1 
7.9844,8.7374,2.8845,1.7964,0.8365,1.6402,1.4011,1.136,1 
8.2246,7.9017,2.1911,1.3072,0.6184,2.5352,3.683,1.714,1 
6.5049,6.2693,2.3294,3.1264,3.3029,1.6032,3.4731,1.9858,1 
7.5694,7.687,1.808,0.7526,2.1942,1.5383,1.9479,1.3451,1 
8.2933,8.412,3.6017,1.4766,1.2206,4.58,2.2845,1.6283,1 
6.3873,7.5355,2.8053,2.9319,2.2322,0.8734,1.0893,1.4816,1 
8.6078,8.473,0.6927,0.1381,2.7064,3.1839,2.3369,1.7984,1 
8.632,7.2681,0.564,3.3463,3.4568,1.8042,2.8112,1.3581,1 
7.9154,7.4488,1.3857,2.8066,2.6352,2.9933,2.2289,3.0352,1 
8.1712,8.0306,0.4891,2.388,0.1772,2.7102,2.3888,2.3503,1 
6.6165,7.5782,1.7425,3.2333,2.7191,3.5035,0.9987,-0.3619,1 
6.3757,8.0003,3.4995,3.5246,2.4882,2.6032,2.2067,3.3502,1 
6.2334,8.9214,0.4651,1.0277,-0.7658,2.6369,3.8762,0.6763,1 
8.7934,8.4813,1.7468,0.6745,2.029,0.1127,1.3443,1.1254,1 
9.016,8.2083,2.9444,-0.2387,1.5132,2.2411,2.1398,0.4845,1 
10.4362,9.8285,1.8883,2.328,3.3285,1.5765,3.8518,1.1743,1 
7.6141,8.9151,3.1855,2.0455,1.8669,0.8279,3.2927,1.9004,1 
8.6498,9.5957,2.4118,1.7721,2.3077,0.9565,3.3334,3.0543,1 
7.5109,7.6742,0.4593,3.9675,1.303,2.4688,2.8714,2.6252,1 
7.3667,7.1282,0.2709,2.664,1.8247,0.5994,0.9727,1.1832,1 
7.9756,7.7994,2.6022,3.5414,3.6871,1.8208,3.0899,2.5661,1 
7.9737,8.5547,2.1603,1.9492,1.717,0.4282,3.5522,3.3255,1 
5.4576,9.458,1.2726,2.6312,1.491,2.4306,3.0958,0.7763,1 
9.5107,7.5871,1.5123,-0.2133,3.4585,0.055,2.5458,3.6363,1 
8.4376,8.82,3.578,2.2949,1.3723,3.1353,0.6465,1.7824,1 
9.8183,9.3103,2.4679,1.7196,1.7539,1.619,3.1402,3.1874,1 
8.1084,7.1769,1.8216,3.4278,0.9351,3.4105,1.5678,1.1729,1 
8.2895,8.7566,0.6619,0.5336,0.978,2.6577,1.5886,3.5489,1 
8.469,8.9198,0.8955,1.6528,2.144,2.4627,2.1331,0.5798,1 
9.0016,8.1503,3.7157,2.9092,3.2575,2.9227,3.0556,1.5583,1 
7.0186,8.8581,1.8007,0.5369,3.082,3.2542,3.4481,2.2456,1 
7.0755,5.3692,2.7682,3.0849,1.8891,2.0661,2.613,1.6262,1 
8.1129,6.9561,2.288,1.9403,1.6362,2.7898,2.1871,2.7641,1 
7.9479,8.5056,2.3182,2.8081,2.3277,2.6085,0.7373,2.7226,1 
8.8112,8.3731,1.035,1.923,1.1684,2.6822,2.5683,0.8347,1 
7.8687,8.6381,1.5873,2.1404,1.572,2.8631,3.1098,2.0052,1 
6.0488,7.1027,2.3295,2.1409,2.5145,1.9039,1.9874,0.7643,1 
7.9292,7.7137,2.656,1.0315,1.0981,4.6249,1.2051,2.4705,1 
6.8026,8.5887,1.4691,3.541,3.8758,2.0279,0.929,1.9818,1 
7.8231,7.6059,1.2551,3.0871,1.6313,-0.5074,2.0298,0.9434,1 
9.7331,6.9733,2.5016,2.4392,2.09,2.9201,0.8047,1.6005,1 
8.0012,8.1603,2.4912,1.9464,3.0432,2.3497,3.0013,1.7564,1 
8.525,7.7308,3.0047,2.2434,3.4895,1.9672,2.4238,2.3709,1 
8.6418,8.2553,2.4176,1.0707,1.4884,2.3742,1.8593,0.3439,1 
9.7187,7.9144,1.3214,2.7999,2.5665,2.6616,1.3904,-0.0392,1 
8.6528,8.9241,1.5141,2.6228,2.4255,1.9904,2.7262,1.3217,1 
6.5717,6.3545,1.7472,2.1498,2.8578,3.631,2.5553,1.2427,1 
9.425,8.4186,3.3844,1.6935,1.1658,3.0006,2.0387,2.0971,1 
7.9437,8.493,0.4875,2.3265,0.5596,3.3795,2.9031,0.5127,1 
8.0141,8.211,0.9748,2.9007,2.1501,1.2518,2.7567,3.4539,1 
7.2668,6.0095,1.9389,2.0078,2.6367,-0.2894,1.9913,1.8346,1 
8.11,8.5097,1.7164,2.521,0.6311,1.3166,2.8883,0.7054,1 
9.9179,6.6964,1.6214,3.6693,1.3076,2.2546,0.8164,3.5282,1 
8.495,6.1973,1.9504,1.743,2.2039,3.2682,1.1086,1.2571,1 
7.7833,7.0039,2.1493,2.6351,1.0679,1.7889,1.8726,2.1661,1 
7.3389,7.9226,2.334,1.3965,1.3912,3.3083,3.0542,0.8773,1 
8.7577,7.1756,2.98,2.2354,0.648,2.6322,-0.2552,2.7322,1 
8.9448,8.2294,2.6032,2.2306,0.4261,0.9445,3.0318,2.613,1 
7.9207,7.4276,0.8565,0.0866,0.1771,0.2458,1.0252,2.8768,1 
8.6866,7.7103,3.0462,1.1906,2.3346,2.2688,0.253,0.617,1 
6.8142,8.341,3.2042,3.0913,0.4438,3.4919,2.6915,2.4239,1 
8.1273,8.3642,2.9194,2.127,2.7978,2.9747,2.0165,1.0336,1 
8.5861,7.2004,2.2695,2.307,3.3128,0.4869,2.5848,2.7521,1 
6.9839,6.8754,2.3476,1.7851,0.5469,1.8652,1.6131,0.1631,1 
8.5943,10.2885,0.782,2.0849,1.4442,1.9811,3.0435,2.2114,1 
7.8826,8.0258,1.0089,-0.0225,1.6013,1.7799,1.287,1.8622,1 
9.3809,8.1025,2.4224,2.3648,0.8777,2.1766,1.6882,1.1673,1 
9.7613,7.311,1.3488,0.6968,0.3248,1.8594,-0.5314,2.8011,1 
7.7737,7.0381,-0.6645,2.334,0.8254,3.4604,2.6914,2.3816,1 
9.1402,6.9303,0.8323,2.7753,1.261,0.3825,1.5767,1.0865,1 
8.3185,7.762,2.8407,0.5535,1.8676,2.0789,1.4105,1.1824,1 
6.643,7.178,2.6726,1.498,1.5634,2.8771,2.5997,2.1584,1 
7.8225,7.9233,0.993,2.2142,1.0593,3.1267,2.9365,2.5546,1 
8.5542,8.4079,2.3523,2.001,0.7379,1.0775,4.0039,2.1654,1 
8.6647,8.5567,2.3169,3.2291,2.3278,2.0366,1.9789,3.3146,1 
9.255,8.5089,3.0039,1.6142,2.3506,1.3271,1.677,4.1681,1 
7.0634,7.6814,1.4066,0.313,1.176,1.6779,0.4089,2.2493,1 
8.3391,8.7228,2.6916,1.1896,2.6532,1.953,2.1468,1.5547,1 
8.2086,8.4783,2.1917,1.6079,2.0445,2.0484,0.6869,2.1664,1 
8.4495,9.3919,1.8399,2.6133,1.3133,1.4617,1.9926,0.7708,1 
8.7962,7.4939,0.6368,2.158,1.4775,1.252,1.8763,3.3163,1 
9.626,7.9512,0.7368,0.2938,4.0822,2.4844,1.8769,1.5165,1 
8.9642,8.5388,1.3783,1.3614,0.8357,2.0884,3.0273,2.1253,1 
8.6659,7.2326,2.4727,2.5255,1.5545,1.9969,2.0033,1.2769,1 
10.0817,8.2824,1.2603,0.8109,3.3222,1.7752,1.3589,4.3072,1 
8.1994,6.2798,2.8215,-0.1023,1.3976,4.0886,1.4923,2.2807,1 
8.9386,9.6321,1.5316,0.9361,1.9801,1.5302,2.4815,0.3516,1 
7.828,5.8553,1.9746,1.751,2.8485,1.3142,2.4495,1.0931,1 
6.901,8.9674,2.0383,1.8911,0.15,3.6581,2.7553,3.2953,1 
8.3659,7.3342,3.4893,3.4208,2.9518,-0.2725,5.2616,1.3715,1 
8.4349,8.092,0.2962,1.5471,3.2625,-0.4471,1.0994,1.3024,1 
7.9346,8.8677,2.3279,2.7237,1.1452,1.8998,0.1302,1.6128,1 
7.2864,8.052,0.2809,0.8731,3.5987,1.7968,1.4649,1.7383,1 
8.812,9.2319,0.0068,1.0074,2.8126,3.7751,0.2281,1.8231,1 
7.3122,9.0758,4.3564,0.8764,1.0832,2.9998,1.5618,1.3665,1 
10.743,7.0402,1.7825,1.9614,2.4504,2.372,2.7079,1.108,1 
7.0511,6.843,4.872,1.5891,2.7288,2.7758,2.7046,1.9435,1 
7.4664,8.1703,-0.9455,1.9265,0.984,1.0076,3.1545,1.5805,1 
6.8943,9.2501,0.403,0.5172,1.6238,1.5106,2.2001,0.7372,1 
6.8382,6.9064,3.0411,0.6388,0.2401,1.1866,1.9425,1.5561,1 
8.9923,6.1544,1.6329,1.916,1.5344,4.0019,2.8022,2.0442,1 
8.3571,6.3668,2.7768,3.3651,2.3158,1.7416,2.4966,3.7379,1 
8.6088,7.4263,1.1479,1.4257,2.5013,1.5491,1.2758,0.42,1 
9.4535,6.6038,2.5235,2.6188,2.623,3.0365,1.6528,-0.0094,1 
6.9142,10.2138,-0.3333,3.6168,2.387,1.9606,1.8904,3.6576,1 
9.2241,7.6449,1.574,1.2035,3.098,1.3329,2.1328,2.3321,1 
7.1322,9.2659,1.9269,2.0805,1.9717,0.5473,0.4813,2.0029,1 
7.845,6.8999,0.8876,2.0447,2.2905,2.1335,0.652,2.4907,1 
8.8704,8.1313,3.1378,1.8716,3.3625,2.0106,1.8648,2.5578,1 
7.5986,6.9727,1.5397,2.8929,1.8114,1.7235,1.1991,1.5142,1 
6.2576,9.3408,2.2998,1.4693,2.4804,0.575,2.0786,1.9863,1 
8.4289,7.8709,3.0591,1.5148,1.5631,3.4525,0.976,0.185,1 
7.1375,9.5295,0.3971,1.2741,0.4325,3.1015,2.1175,1.4545,1 
9.3882,7.073,3.5647,1.175,1.578,1.898,3.5219,0.8917,1 
7.5999,9.2505,4.0424,2.2287,3.6874,2.6033,2.8023,2.6316,1 
7.861,10.7039,2.1117,2.0295,2.4919,2.1335,2.4777,2.5682,1 
8.1345,7.3641,2.3832,0.2494,2.6213,1.9335,4.1106,2.6256,1 
8.0196,7.0243,2.5394,3.3195,-1.034,0.9414,1.5185,2.9034,1 
8.5292,6.9687,3.0429,4.6881,1.7826,1.2057,1.7889,2.5759,1 
6.9171,9.7647,3.2377,1.6975,1.9635,1.0432,1.546,3.2135,1 
9.0163,8.1515,0.0394,3.8673,0.0692,1.7467,2.0908,1.4833,1 
8.0148,6.4203,1.8574,1.2508,3.3777,1.9367,1.926,2.1648,1 
7.5314,7.74,2.7523,1.2152,1.8844,1.1144,2.6048,1.8485,1 
7.7734,7.294,1.4864,2.8448,0.434,3.0415,2.8299,1.291,1 
8.7378,7.3739,1.2187,4.1509,-0.3035,1.9106,1.6983,2.9026,1 
8.4651,7.0355,0.7424,2.7046,0.8068,0.0579,0.3174,3.2955,1 
7.9345,8.8685,1.6603,2.2901,2.999,3.1591,2.4255,4.4229,1 
9.0908,6.2182,3.1262,1.788,2.6923,0.7295,3.903,2.5497,1 
7.7129,7.8924,2.7847,1.4322,4.1341,1.821,4.5485,2.2892,1 
9.1647,9.0091,2.2641,1.5705,3.5576,0.3117,2.0925,0.6757,1 
7.4825,7.4707,2.6294,1.4136,2.6674,2.1326,1.2464,2.3843,1 
7.385,8.8637,4.0281,2.6026,2.8414,3.617,3.2929,0.8625,1 
10.6486,7.8765,1.9326,2.9761,1.6823,1.3001,1.6313,2.9287,1 
8.4177,7.1134,1.875,2.3056,1.057,3.1677,2.6951,3.6452,1 
7.4544,8.2022,1.8429,0.5375,1.6596,1.8816,2.3444,2.1104,1 
6.8255,6.8694,2.1017,2.1409,1.7153,2.3672,1.9997,2.7293,1 
8.6159,8.5373,2.9923,1.8179,2.8062,2.403,2.3668,4.0378,1 
7.3588,6.566,3.1155,2.7764,2.6915,2.749,2.382,1.9638,1 
8.2411,6.8068,2.6272,1.6864,0.4864,1.2612,0.7014,2.3314,1 
7.8675,7.6488,2.7729,-0.213,4.4563,1.4082,0.3175,2.3482,1 
8.5163,9.4769,1.4612,3.8021,0.491,2.4853,1.2307,1.4993,1 
8.0935,7.0505,3.0325,1.6063,1.394,1.9352,1.6086,2.2495,1 
6.0164,8.7628,4.0311,2.7438,1.1726,4.7319,1.7367,0.939,1 
8.9012,6.2789,3.5901,1.2918,1.123,3.1276,2.9139,2.5617,1 
7.5271,6.9937,2.8805,2.3045,2.1456,0.6147,1.3646,3.0051,1 
7.8388,7.7517,0.7938,-0.0593,3.3259,2.6667,1.6372,-0.0359,1 
7.6907,8.6581,1.9998,0.4612,1.6583,2.2775,1.6859,3.9076,1 
10.1817,8.132,2.1712,3.7466,1.886,1.9255,3.4137,1.7005,1 
8.5114,7.7296,1.824,0.7752,2.5774,-0.2624,4.5293,1.288,1 
8.9335,7.828,1.7483,2.3324,3.0732,0.6604,2.7215,0.5249,1 
7.2263,7.993,0.6137,1.3235,2.3985,2.4482,2.5254,1.4609,1 
7.0696,9.2567,3.098,2.7785,0.7326,2.2932,3.0761,3.0273,1 
9.8049,7.7637,1.6172,2.8835,2.6762,3.1444,1.9659,2.3807,1 
9.0089,7.3706,1.686,1.481,3.8596,2.3694,1.4875,2.2222,1 
7.8567,8.5934,1.1194,1.3774,0.6692,2.7461,2.1711,2.7002,1 
8.4033,7.4542,2.1426,1.4867,2.7338,2.7635,1.8032,1.5757,1 
7.0852,8.8025,3.1918,1.7506,2.3738,1.4837,3.0313,1.203,1 
8.7081,5.6377,2.4839,2.0061,1.3831,1.4351,2.4169,3.8692,1 
8.4021,6.8671,1.0059,1.9318,2.5849,0.9437,1.6439,1.0748,1 
9.1447,8.0625,1.6001,2.8397,2.4578,1.4085,1.3461,0.5649,1 
7.841,9.757,1.8129,1.2683,1.7477,3.4544,2.0878,-0.8932,1 
8.4295,8.4465,1.7241,2.589,2.0517,1.2257,2.0059,0.9388,1 
9.4759,7.6692,2.9074,2.3566,2.3648,0.7706,3.9855,2.0551,1 
8.1766,8.2727,1.3076,1.3489,3.3693,1.2218,2.1435,2.3841,1 
10.7139,10.3827,2.6973,2.3394,1.6029,1.1747,1.3036,2.9924,1 
8.3834,4.9525,2.0855,0.6964,3.8647,1.9271,2.0399,0.3525,1 
8.8265,7.8186,0.4137,1.8521,1.1781,2.8958,1.7464,2.2838,1 
8.7517,9.0664,2.3154,4.3104,0.7845,0.8099,0.7254,3.2972,1 
8.8791,6.9296,3.0948,2.337,-0.1952,2.8826,1.9154,2.0536,1 
7.5416,8.4133,2.2455,3.8183,0.845,2.1776,1.964,2.3745,1 
7.4032,6.8848,3.6074,2.6942,2.286,3.3601,2.0056,2.8557,1 
9.9191,8.5002,1.8273,1.0038,1.6521,1.9936,1.6178,1.1621,1 
6.9792,7.1517,1.2723,0.316,-0.9348,2.0606,1.5352,2.1051,1 
7.424,8.6675,0.8969,0.9274,1.8603,0.9879,3.2419,0.0193,1 
5.6361,9.4661,2.1814,2.8802,2.4772,2.7659,0.441,2.2506,1 
7.7809,8.0254,3.6649,3.3984,1.9398,2.1386,2.2115,0.5052,1 
7.4104,8.6094,-0.5187,1.2221,2.2358,0.2635,2.7526,1.0212,1 
7.552,8.5508,2.8778,1.2807,3.0798,0.5779,0.9207,0.6979,1 
7.5297,10.1708,1.948,2.2316,1.1777,0.594,3.4268,2.7815,1 
5.1014,7.5582,0.9993,1.4644,1.6357,1.7787,1.5364,-0.5053,1 
7.5221,7.9077,1.6595,2.6461,-0.2419,0.8684,1.4366,0.801,1 
7.4871,7.209,1.7723,2.6866,0.2637,3.3315,2.7539,3.1404,1 
9.5361,8.4738,3.7433,1.4908,2.0859,1.9319,2.0492,2.3436,1 
6.371,8.9132,1.6796,2.9225,3.5206,1.525,1.6937,0.9882,1 
9.3173,7.826,1.7647,2.7301,-0.0314,2.4922,1.2149,3.1462,1 
7.0383,7.5561,0.8026,0.8487,2.0439,0.9333,1.7527,3.1055,1 
8.2569,8.2247,1.7437,1.4975,0.2978,2.9075,2.2671,1.9946,1 
7.9041,7.5022,3.3895,3.5715,1.9121,2.7672,1.7302,1.4246,1 
8.6506,8.3632,2.2786,3.4613,1.5989,3.6176,0.4988,2.7958,1 
8.0981,8.4575,0.7143,0.2794,1.6056,3.3639,2.307,1.2516,1 
8.0848,7.0866,2.0484,1.1107,4.1587,4.3421,1.5839,1.4318,1 
5.2894,8.2879,2.1444,2.2087,2.7842,2.722,3.8721,0.7741,1 
7.974,8.5314,0.9246,3.3697,2.7166,3.3522,1.5475,2.4156,1 
9.1969,6.8303,2.7617,2.581,1.4307,2.8492,1.9775,0.0615,1 
7.0815,5.8837,1.4969,2.1593,2.4349,1.7665,2.6219,2.8082,1 
6.8581,8.4945,3.016,3.2034,1.6941,3.5493,1.3985,2.9523,1 
8.6593,9.2897,2.5544,1.7817,1.9717,3.4407,2.1457,0.6193,1 
8.8555,7.4074,2.0169,2.339,0.7202,0.6883,2.4026,3.5287,1 
7.674,7.3967,1.2422,0.6369,2.1016,1.7265,3.6413,1.0258,1 
7.4489,8.3119,-0.298,1.7301,2.0721,2.8576,1.8557,2.4101,1 
7.2249,9.5334,2.3016,1.5029,2.4631,-0.659,2.1266,2.0817,1 
9.8089,7.8339,3.767,0.6553,3.9725,1.7302,1.6811,0.6968,1 
6.8071,8.2364,1.3204,3.6661,1.1419,0.8055,1.4345,3.3424,1 
8.9348,8.4045,1.1733,0.4964,2.6144,2.3075,2.2604,2.2209,1 
8.1643,9.2714,0.9988,0.9773,1.2362,2.5574,1.0173,3.5782,1 
7.4761,7.1775,0.515,0.8742,3.121,1.1464,0.7012,1.5419,1 
8.5339,9.3497,2.5513,2.9434,2.2387,2.0016,1.8836,2.6316,1 
8.2893,7.4504,4.0463,2.2193,3.1278,0.5799,1.3452,0.625,1 
7.2004,7.6054,3.5241,1.4005,3.2935,1.9824,2.1347,2.6205,1 
8.9946,6.9381,2.5326,1.4728,2.5967,0.93,0.8384,0.1189,1 
8.1171,8.2489,2.457,1.4938,-0.2864,-0.252,1.7447,2.429,1 
9.7491,6.9919,0.1502,1.8663,1.072,2.8173,2.9602,2.5968,1 
7.6701,7.3084,2.5653,3.3035,1.7581,2.112,2.823,-0.289,1 
9.1805,7.5035,2.2363,0.4158,1.6023,1.9883,1.5737,2.8853,1 
7.318,8.2033,3.2496,1.0877,1.1351,2.961,2.4896,2.9902,1 
7.5146,10.0673,2.9528,3.6659,2.472,2.3018,0.6207,0.7211,1 
9.2747,9.0882,2.1673,1.3528,0.8732,0.8082,1.9118,0.5656,1 
6.6791,9.816,0.118,1.6588,1.8717,3.0288,1.9563,2.463,1 
8.0274,8.2755,0.8115,0.3802,2.3152,2.1463,0.2286,1.8338,1 
6.9528,8.9287,3.1233,2.2468,2.0922,2.866,1.9083,1.2607,1 
8.3877,7.1139,1.328,1.2854,2.2602,2.7233,1.3635,1.531,1 
6.773,5.2611,1.9197,3.0897,1.1193,3.2915,2.9117,2.2265,1 
8.4788,5.4169,1.0093,2.1446,2.4925,-0.0512,3.1899,1.116,1 
9.2848,9.3215,0.9926,1.7398,2.3584,0.2566,3.2044,2.851,1 
7.329,7.6797,1.3994,3.2607,3.9329,2.6185,0.9023,2.9248,1 
6.304,6.1921,2.8916,3.0069,2.2466,1.8528,2.343,0.404,1 
8.8851,9.5587,2.4131,1.3366,2.405,1.7478,1.14,2.0245,1 
8.3019,7.6094,2.1839,1.8157,1.4424,-0.1346,0.1329,1.0379,1 
7.1449,9.5026,2.932,3.149,-0.1067,1.9059,3.642,1.8127,1 
8.3709,6.7107,2.0463,2.0682,1.39,1.6828,2.5862,2.2557,1 
9.6369,8.8551,1.067,2.2773,2.3964,2.7259,2.4556,2.4067,1 
8.3583,8.7927,1.6316,1.519,3.0689,1.1826,1.1204,2.0926,1 
6.5561,7.1326,2.7062,1.6349,1.5803,1.0468,1.4158,1.8532,1 
6.7633,8.0182,1.7685,1.5842,2.4448,4.9798,3.372,0.507,1 
10.0881,7.2866,2.6441,2.1841,1.9266,1.7161,0.76,1.463,1 
8.5558,9.2952,-1.273,2.4147,1.3577,-0.088,2.4879,2.9012,1 
8.5166,8.9105,2.3362,0.3657,3.4709,2.5659,1.6928,2.6917,1 
5.9282,8.6045,3.2003,2.0611,0.8138,1.3932,1.0933,2.9294,1 
8.2016,6.8558,1.5598,2.7492,4.3629,1.9863,0.9814,3.2027,1 
9.406,7.9349,2.5731,1.0273,2.9798,-1.1192,1.394,1.5731,1 
8.2996,8.5704,2.4495,0.196,1.5667,1.9918,0.5631,2.7038,1 
6.5347,9.2451,2.8285,-0.4556,2.4819,2.0303,1.758,2.8321,1 
7.6268,7.9875,0.5057,2.3036,0.8174,1.7077,2.1167,2.9957,1 
6.3068,8.2822,2.0754,3.5524,2.7926,2.4365,1.4835,1.4627,1 
6.8509,9.1383,3.0309,1.9525,1.1458,2.5295,2.6438,1.4965,1 
8.4001,8.3435,0.315,1.5134,3.1336,2.8635,2.7144,2.7869,1 
7.7759,7.4417,0.9601,3.1001,-0.1172,1.4985,1.6648,1.3087,1 
7.8859,8.1522,3.1669,2.7072,0.4402,2.8357,1.9445,2.1771,1 
7.605,9.3063,2.0911,2.0174,2.8835,0.4476,2.612,2.6253,1 
8.4244,6.551,3.3985,1.7171,1.406,4.1271,4.2196,1.8217,1 
6.314,6.3041,0.7684,1.9405,0.9418,2.9552,0.5814,1.6053,1 
7.7213,9.6526,2.2447,-0.0853,1.6429,3.811,2.8413,1.012,1 
9.7506,10.2077,2.784,1.9972,0.5513,0.8656,3.594,0.9528,1 
6.9762,8.1539,1.1641,3.2744,1.5123,2.3344,2.592,1.5698,1 
8.9797,8.0588,1.6142,3.667,3.572,3.3036,2.8392,0.8784,1 
5.5773,6.919,1.4874,1.6342,4.6091,0.6628,3.9012,2.5028,1 
9.3234,8.9695,0.3321,0.3527,1.6533,0.4899,1.2887,1.2817,1 
8.3689,6.1975,1.6279,1.3266,1.1481,1.5507,0.8218,1.3598,1 
8.5308,8.1316,3.5083,1.4201,-0.0968,1.8959,2.1676,1.6243,1 
8.5367,5.9887,1.2881,1.2244,2.858,3.2901,1.2955,3.0206,1 
7.4426,6.9169,4.38,2.6961,1.8109,2.9111,1.8396,1.2588,1 
9.4981,6.6194,0.4091,1.0839,1.2208,1.6813,1.4874,3.2604,1 
7.2551,9.7979,1.0214,2.0371,1.3671,3.199,2.3985,2.3749,1 
8.0499,8.6101,1.9774,2.2024,2.7028,1.265,1.9823,0.9293,1 
7.8182,7.4241,3.8011,1.1967,2.185,1.0358,2.4201,2.8321,1 
6.4878,7.9532,2.722,2.0743,2.653,2.8438,2.8628,3.347,1 
8.379,5.5021,1.8614,0.4341,0.705,2.2773,1.825,1.4727,1 
8.4793,8.3155,2.1088,2.6916,2.9789,2.6606,1.433,3.2328,1 
8.4181,9.2788,0.5783,2.3684,1.2655,3.862,1.1043,2.6893,1 
6.6678,10.1599,2.6342,2.149,1.8741,1.9093,1.9454,1.6374,1 
8.4551,9.5573,1.5155,1.7392,1.8381,3.2336,1.7677,2.6747,1 
9.157,7.6533,1.3388,1.8692,0.5102,3.1164,3.3587,1.2529,1 
5.9313,8.9125,2.9454,1.5262,0.0794,1.7851,0.7571,0.6234,1 
8.8689,6.9834,1.9773,2.4803,1.2468,1.0521,1.4291,1.1243,1 
7.5429,8.2305,1.4765,5.4545,3.0987,0.7449,2.1641,2.4702,1 
8.9488,8.0719,2.659,0.8793,1.7419,3.4729,2.2933,0.7816,1 
7.6273,8.7335,1.1113,3.2948,3.2516,1.6507,1.831,1.5736,1 
8.6285,8.5786,2.6619,3.8378,2.7198,4.045,-0.4524,2.3536,1 
8.7584,6.0972,1.7413,1.9482,2.2863,2.9401,3.364,3.759,1 
8.1369,7.3084,1.7518,2.3232,0.4241,2.0479,1.4422,0.542,1 
8.9417,6.4907,0.7229,2.6645,0.9178,3.1316,2.7796,4.5764,1 
7.2879,7.4397,1.5232,1.2728,2.1084,0.8612,1.5649,2.1887,1 
7.2432,6.6081,1.3701,1.4456,1.8769,0.7444,2.2564,0.6278,1 
8.7216,9.2721,1.4884,1.2001,2.3264,0.5297,2.2551,2.6741,1 
8.4425,7.785,2.0764,1.4655,0.7438,1.7016,2.1925,3.2314,1 
9.6578,9.311,2.4046,3.0784,0.2543,1.7477,2.6647,-0.2092,1 
8.2735,7.9056,2.0888,0.1586,2.6891,2.3992,0.8904,1.3417,1 
8.6428,8.2533,2.8647,1.4278,2.604,0.5474,1.5467,1.5506,1 
8.4254,9.3683,3.2837,3.6068,-0.1752,2.8374,2.1081,0.8273,1 
9.1469,8.1718,2.8994,2.523,0.6194,2.003,2.5088,1.0158,1 
8.0828,8.3813,2.4082,2.4245,3.165,0.5249,0.3719,2.7576,1 
7.2909,7.7535,-0.1489,1.0699,2.5619,2.0741,1.379,2.6754,1 
8.2027,8.8108,2.5751,2.5079,0.8118,3.5574,1.8004,0.756,1 
8.4712,7.835,2.4921,1.6292,2.9014,2.325,1.4912,1.9081,1 
9.6955,6.992,3.5781,1.2122,1.249,0.0206,4.4269,1.1988,1 
7.02,8.63,1.4229,1.1864,2.095,1.4341,2.0048,1.7395,1 
7.1427,9.7097,1.1511,1.354,1.4461,2.6242,1.4752,1.6421,1 
9.1319,6.8591,0.9136,3.0481,1.6126,2.3789,2.6574,0.5655,1 
7.6472,6.398,1.8565,1.6291,1.2594,0.3084,3.8033,1.4829,1 
6.582,6.5554,3.1618,1.8394,1.53,2.0399,1.5521,1.9148,1 
9.5143,9.0872,1.3367,1.7552,3.1981,2.6813,2.539,0.6777,1 
7.4864,9.1925,2.5378,2.2901,0.6581,0.2793,4.2219,1.2249,1 
7.2572,9.0166,2.4605,0.2953,2.3741,1.5656,1.8856,2.6888,1 
8.2592,8.1929,1.3128,1.2175,2.291,3.8287,1.2658,2.5934,1 
7.5612,7.2596,1.1632,1.8495,-0.2875,2.6762,1.8285,2.7694,1 
7.9198,8.3758,2.6388,2.3501,2.2647,4.6698,2.1379,1.782,1 
8.5018,9.4006,2.8562,3.4869,2.9459,0.5396,4.4902,3.3751,1 
7.3474,8.0833,3.8223,2.2304,2.6459,4.1376,1.4881,2.1743,1 
7.6665,7.8435,1.03,1.7749,1.6557,1.4492,0.7815,1.7423,1 
7.8431,8.0479,2.6648,1.9218,2.4337,2.5548,1.8273,1.8339,1 
7.9025,6.7771,2.1584,2.4043,1.531,2.3712,3.5328,2.3537,1 
7.7008,7.7455,2.806,2.634,2.2664,1.4895,1.9787,3.8919,1 
7.454,8.3619,2.93,3.2265,2.8152,1.8126,1.0241,2.1492,1 
7.593,6.5751,4.6393,2.9982,2.3378,1.3867,2.8184,2.1063,1 
